76.25000762939453
68.33333587646484
64.375
62.0
60.416664123535156
59.28571319580078
58.437503814697266
51.9444465637207
46.75
42.5
38.95833206176758
35.96154022216797
33.392860412597656
31.16666603088379
29.218751907348633
27.5
25.97222328186035
24.605262756347656
23.375
22.261903762817383
21.25
20.326086044311523
19.47916603088379
18.69999885559082
17.980770111083984
17.3148136138916
16.696430206298828
16.120689392089844
15.583333015441895
15.080645561218262
14.609375953674316
14.166667938232422
13.75
13.35714340209961
12.986111640930176
12.635135650634766
15.769231796264648
16.5625
17.31707191467285
18.035715103149414
18.720930099487305
19.375
19.888887405395508
20.380434036254883
20.63829803466797
20.208332061767578
19.795917510986328
19.399999618530273
19.019607543945312
18.653846740722656
18.3018856048584
18.101850509643555
17.909090042114258
18.08035659790039
18.24561309814453
18.318965911865234
18.008474349975586
17.70833396911621
17.41802978515625
17.137094497680664
16.865079879760742
16.6015625
16.346153259277344
16.09848403930664
18.08823585510254
18.80434799194336
19.5
20.176055908203125
20.833332061767578
21.47260284423828
22.094593048095703
22.633331298828125
23.02631378173828
22.727272033691406
22.435897827148438
22.151897430419922
21.875
21.604938507080078
21.341463088989258
21.084339141845703
20.83333396911621
20.588233947753906
20.34883689880371
20.11494255065918
19.886363983154297
19.662921905517578
19.44444465637207
19.23076820373535
19.021739959716797
18.817203521728516
18.617019653320312
18.42105484008789
18.22916603088379
18.041234970092773
17.85714340209961
17.676767349243164
17.499998092651367
17.326732635498047
17.156864166259766
16.990291595458984
16.826923370361328
16.666667938232422
16.50943374633789
17.47685432434082
17.66054916381836
17.84090805053711
18.01801872253418
18.191965103149414
18.362831115722656
18.530702590942383
18.69565200805664
18.857759475708008
19.017093658447266
19.173728942871094
19.32773208618164
19.479167938232422
19.62809944152832
19.733604431152344
19.8373966217041
19.93951416015625
20.040000915527344
20.178573608398438
20.314960479736328
20.44921875
20.503875732421875
20.557693481445312
20.610687255859375
20.662879943847656
20.71428680419922
20.76492691040039
20.851850509643555
20.9375
21.021896362304688
21.105072021484375
21.187049865722656
21.267858505249023
21.347517013549805
21.426054000854492
21.503496170043945
22.189655303955078
22.294519424438477
22.397958755493164
22.500001907348633
22.600671768188477
22.69999885559082
22.79801368713379
22.89473533630371
22.990196228027344
23.08441734313965
23.20967674255371
23.333335876464844
23.455413818359375
23.544301986694336
23.632076263427734
23.71875
23.80434799194336
23.88888931274414
23.972393035888672
24.05487632751465
24.56325340270996
24.61077880859375
24.657737731933594
24.6745548248291
24.691177368164062
24.707603454589844
24.72383689880371
24.76878547668457
24.813217163085938
24.828571319580078
24.843751907348633
24.85875701904297
24.873594284057617
24.888267517089844
24.90277862548828
24.91712760925293
24.903846740722656
24.918031692504883
24.904891967773438
24.89189338684082
24.8790340423584
24.866310119628906
24.853723526000977
24.841266632080078
24.828947067260742
24.816755294799805
24.8046875
24.792743682861328
24.780925750732422
24.76923179626465
24.757654190063477
24.746192932128906
24.734848022460938
24.723617553710938
24.737499237060547
24.751243591308594
24.764850616455078
25.01225471496582
24.890243530273438
24.769418716430664
24.649757385253906
24.531251907348633
24.413875579833984
24.881515502929688
24.988204956054688
25.093894958496094
25.198596954345703
25.302326202392578
25.405094146728516
25.529953002929688
25.65366554260254
25.753419876098633
25.852272033691406
25.95022964477539
26.047298431396484
26.16592025756836
26.28348159790039
26.399999618530273
26.515487670898438
26.607927322387695
26.699560165405273
26.79039192199707
26.88043212890625
26.969696044921875
27.058189392089844
27.14592170715332
27.232906341552734
27.31914520263672
27.404659271240234
27.489450454711914
27.573532104492188
27.65690040588379
27.73958396911621
27.84232521057129
27.923553466796875
28.00411605834961
28.084012985229492
28.16326332092285
28.241867065429688
28.319835662841797
28.60441780090332
28.619998931884766
28.61553955078125
28.61111068725586
28.626480102539062
28.64173126220703
28.656864166259766
28.671873092651367
28.686767578125
28.701549530029297
28.696908950805664
28.69230842590332
28.687740325927734
28.68320655822754
28.678707122802734
28.67424201965332
28.650941848754883
28.646615982055664
28.623592376708984
28.600746154785156
28.578067779541016
28.555553436279297
28.53321075439453
28.511030197143555
28.489011764526367
28.46715545654297
28.445451736450195
28.423913955688477
28.402524948120117
28.38129425048828
28.360212326049805
28.339284896850586
28.318504333496094
28.297870635986328
28.277385711669922
28.257041931152344
28.254383087158203
28.519163131713867
28.532987594604492
28.546714782714844
28.80583953857422
28.81849479675293
28.831056594848633
28.843534469604492
28.855932235717773
28.86824607849121
28.880468368530273
28.875839233398438
28.871238708496094
28.866666793823242
28.862125396728516
28.85761260986328
28.85313606262207
28.848684310913086
28.844261169433594
28.839868545532227
28.83550262451172
28.831165313720703
28.826860427856445
28.822580337524414
28.818326950073242
28.814102172851562
28.80990219116211
28.80573272705078
28.801584243774414
28.797466278076172
28.793376922607422
28.789306640625
28.785266876220703
28.781246185302734
28.777254104614258
28.773292541503906
28.753868103027344
28.734567642211914
28.715383529663086
28.69631576538086
28.6773681640625
28.89057731628418
28.886362075805664
28.88217544555664
28.878009796142578
28.873872756958008
28.869760513305664
28.865671157836914
28.86160659790039
28.85756492614746
28.838756561279297
28.820058822631836
28.801471710205078
28.782991409301758
28.764617919921875
28.746355056762695
28.728195190429688
28.71014404296875
28.692197799682617
28.688758850097656
28.670978546142578
28.653297424316406
28.621429443359375
28.58974266052246
28.558237075805664
28.512746810913086
28.467512130737305
28.422534942626953
28.3778076171875
28.33333396911621
28.27513885498047
28.21727180480957
28.159719467163086
28.088638305664062
28.326446533203125
28.365385055541992
28.404109954833984
28.4426212310791
28.480926513671875
28.51902198791504
28.556909561157227
28.581083297729492
28.605117797851562
28.629032135009766
28.652814865112305
28.66309928894043
28.673330307006836
28.683509826660156
28.6074275970459
28.531742095947266
28.456464767456055
28.381580352783203
28.307086944580078
28.232986450195312
28.15926742553711
28.0859375
28.012985229492188
27.940412521362305
27.86821746826172
27.796390533447266
27.724933624267578
27.653846740722656
27.583118438720703
27.51275634765625
27.442747116088867
27.373096466064453
27.48737335205078
27.418136596679688
27.349245071411133
27.543746948242188
27.556110382080078
27.568405151367188
27.580646514892578
27.592819213867188
27.592594146728516
27.592361450195312
27.604421615600586
27.616422653198242
27.62836265563965
27.640241622924805
27.652067184448242
27.663833618164062
27.67554473876953
27.687198638916016
27.686744689941406
27.67428207397461
27.673858642578125
27.685407638549805
27.696895599365234
27.70833396911621
27.695959091186523
27.69549560546875
27.683210372924805
27.670988082885742
27.67058563232422
27.67018699645996
27.669788360595703
27.669387817382812
27.668996810913086
27.668601989746094
27.668212890625
27.667823791503906
27.655887603759766
27.64400863647461
27.632183074951172
27.620410919189453
27.608692169189453
27.796125411987305
27.818180084228516
27.840137481689453
27.86199378967285
27.883747100830078
27.905405044555664
27.938201904296875
27.970849990844727
28.003355026245117
28.03571319580078
28.067928314208984
28.10000228881836
28.131929397583008
28.163715362548828
28.195363998413086
28.21585464477539
28.236263275146484
28.256576538085938
28.276803970336914
28.29694175720215
28.316991806030273
28.33695411682129
28.34598731994629
28.354978561401367
28.36393165588379
28.372844696044922
28.3817195892334
28.39055633544922
28.399356842041016
28.418804168701172
28.43816566467285
28.45744514465332
28.46603012084961
28.76321029663086
28.897676467895508
29.031574249267578
29.1544132232666
29.266244888305664
29.377614974975586
29.478078842163086
29.46354103088379
29.438669204711914
29.413902282714844
29.38923454284668
29.354337692260742
29.30927848815918
29.274690628051758
29.24024772644043
29.2059383392334
29.171775817871094
29.12755012512207
29.083505630493164
29.03963279724121
28.995939254760742
28.952428817749023
28.919193267822266
28.876007080078125
28.832996368408203
28.7901611328125
28.989999771118164
29.02694320678711
29.033863067626953
29.241073608398438
29.297029495239258
29.3330078125
29.275148391723633
29.217517852783203
29.160118103027344
29.102941513061523
29.04598617553711
28.989255905151367
28.93274688720703
28.87645721435547
28.820388793945312
28.76453399658203
28.708898544311523
28.653472900390625
28.5982666015625
28.543270111083984
28.488481521606445
28.43390655517578
28.379541397094727
28.325382232666016
28.271427154541016
28.217679977416992
28.352272033691406
28.35066032409668
28.34905433654785
28.347455978393555
28.34586524963379
28.344276428222656
28.342697143554688
28.3504695892334
28.358205795288086
28.356611251831055
28.34572410583496
28.334880828857422
28.324073791503906
28.313308715820312
28.302583694458008
28.291898727416992
28.281248092651367
28.279817581176758
28.27838897705078
28.27696418762207
28.266420364379883
28.255916595458984
28.245454788208008
28.235027313232422
28.224641799926758
28.21428680419922
28.212997436523438
28.211711883544922
28.20143699645996
28.19120216369629
28.172039031982422
28.152952194213867
28.133928298950195
28.278467178344727
28.294849395751953
28.311168670654297
28.32743263244629
28.343639373779297
28.359785079956055
28.37588119506836
28.391916275024414
28.39912223815918
28.39754867553711
28.395980834960938
28.394412994384766
28.39285659790039
28.39130401611328
28.38975715637207
28.388214111328125
28.378026962280273
28.393781661987305
28.392240524291992
28.390705108642578
28.38917350769043
28.379074096679688
28.369009017944336
28.36751937866211
28.35750961303711
28.3475284576416
28.337583541870117
28.327672958374023
28.31779670715332
28.307950973510742
28.298139572143555
28.28836441040039
28.42436981201172
28.43959617614746
28.454771041870117
28.46989631652832
28.484970092773438
28.491666793823242
28.498332977294922
28.504981994628906
28.511608123779297
28.518211364746094
28.524791717529297
28.531354904174805
28.546125411987305
28.552631378173828
28.559112548828125
28.5573787689209
28.555646896362305
28.55392074584961
28.552202224731445
28.550487518310547
28.54878044128418
28.538959503173828
28.529172897338867
28.51941680908203
28.50969123840332
28.5
28.490337371826172
28.480709075927734
28.471105575561523
28.46154022216797
28.451997756958008
28.442489624023438
28.433013916015625
28.423564910888672
28.41415023803711
28.396827697753906
28.379552841186523
28.36233901977539
28.489744186401367
28.503936767578125
28.518081665039062
28.532182693481445
28.546234130859375
28.552425384521484
28.566404342651367
28.580341339111328
28.59423828125
28.60808753967285
28.62189483642578
28.635656356811523
28.649377822875977
28.663057327270508
28.67669677734375
28.69029426574707
28.70384407043457
28.717357635498047
28.73082733154297
28.736600875854492
28.742355346679688
28.748092651367188
28.75381088256836
28.759511947631836
28.765195846557617
28.763277053833008
28.753787994384766
28.919939041137695
28.9705867767334
28.98343276977539
28.939849853515625
28.896394729614258
28.853073120117188
28.80988121032715
28.766817092895508
28.723880767822266
28.681072235107422
28.63839340209961
28.59583854675293
28.55341148376465
28.511112213134766
28.46893310546875
28.426881790161133
28.38495445251465
28.34315299987793
28.301467895507812
28.25990867614746
28.218475341796875
28.177160263061523
28.135963439941406
28.094890594482422
28.053936004638672
28.01310157775879
27.972381591796875
27.931785583496094
28.08610725402832
28.135835647583008
28.17820930480957
28.220458984375
28.262592315673828
28.29022979736328
28.31778907775879
28.352436065673828
28.37982749938965
28.407140731811523
28.427249908447266
28.440168380737305
28.460168838500977
28.480112075805664
28.507089614868164
28.54107666015625
28.5820369720459
28.61581802368164
28.642452239990234
28.676054000854492
28.709564208984375
28.74297523498535
28.776296615600586
28.809524536132812
28.84964942932129
28.88268280029297
28.908645629882812
28.934537887573242
28.960359573364258
28.98611068725586
29.01872444152832
29.051244735717773
29.083677291870117
29.11602210998535
29.14827537536621
29.180442810058594
29.21251678466797
29.23763656616211
29.2626895904541
29.377565383911133
29.395490646362305
29.41337013244629
29.424386978149414
29.43537139892578
29.446331024169922
29.457260131835938
29.468154907226562
29.48579216003418
29.503381729125977
29.520915985107422
29.53166961669922
29.54239273071289
29.553091049194336
29.563756942749023
29.57439422607422
29.578310012817383
29.588905334472656
29.59946632385254
29.60999870300293
29.62050437927246
29.630983352661133
29.634794235229492
29.638593673706055
29.64238166809082
29.646162033081055
29.649934768676758
29.653696060180664
29.65744400024414
29.661184310913086
29.664913177490234
29.662073135375977
29.65924072265625
29.656410217285156
29.653593063354492
29.65078353881836
29.64797592163086
29.645179748535156
29.740259170532227
29.743839263916016
29.747407913208008
29.7509708404541
29.7545223236084
29.758066177368164
29.7615966796875
29.771554946899414
29.781490325927734
29.791399002075195
29.80128288269043
29.811138153076172
29.820972442626953
29.830778121948242
29.83418083190918
29.837581634521484
29.834604263305664
29.837989807128906
29.84136962890625
29.84473991394043
29.854429244995117
29.85145378112793
29.848485946655273
29.839218139648438
29.83626937866211
29.83333396911621
29.830402374267578
29.827476501464844
29.824560165405273
29.827911376953125
29.82499885559082
29.822093963623047
29.819202423095703
29.81631088256836
29.807212829589844
29.804346084594727
29.80148696899414
29.798635482788086
29.789600372314453
29.929014205932617
29.98150634765625
30.03386878967285
30.08609962463379
30.144346237182617
30.177915573120117
30.211397171020508
30.244800567626953
30.27200698852539
30.299144744873047
30.326217651367188
30.341047286987305
30.343671798706055
30.34021759033203
30.451515197753906
30.472156524658203
30.492746353149414
30.513282775878906
30.53377342224121
30.554216384887695
30.574607849121094
30.600961685180664
30.62725067138672
30.65347671508789
30.67963981628418
30.70574188232422
30.725801467895508
30.745824813842773
30.765792846679688
30.785715103149414
30.805587768554688
30.825414657592773
30.845195770263672
30.86492919921875
30.884614944458008
30.898344039916992
30.91794204711914
30.931604385375977
30.945228576660156
30.929410934448242
30.91362953186035
30.877347946166992
30.841148376464844
30.80503273010254
30.769004821777344
30.733060836791992
30.697202682495117
30.661422729492188
30.625728607177734
30.590116500854492
30.55458641052246
30.666278839111328
30.63078498840332
30.595375061035156
30.560047149658203
30.524795532226562
30.48963165283203
30.454545974731445
30.419536590576172
30.384613037109375
30.349767684936523
30.315006256103516
30.280319213867188
30.245712280273438
30.211185455322266
30.176738739013672
30.142366409301758
30.108076095581055
30.07386016845703
30.03972816467285
30.00566864013672
29.9716854095459
29.95758056640625
29.923728942871094
29.88995361328125
29.856252670288086
29.822635650634766
29.78908920288086
29.755615234375
29.72222328186035
29.68890380859375
29.65565299987793
29.622482299804688
29.589384078979492
29.556360244750977
29.52341079711914
29.490535736083984
29.45772933959961
29.42500114440918
29.470619201660156
29.4462890625
29.433074951171875
29.41988754272461
29.512128829956055
29.531938552856445
29.55170249938965
29.57143211364746
29.591106414794922
29.610746383666992
29.630338668823242
29.64441680908203
29.658470153808594
29.6724910736084
29.686477661132812
29.7004337310791
29.71436309814453
29.722827911376953
29.73126983642578
29.739696502685547
29.74810218811035
29.756492614746094
29.76486587524414
29.773218154907227
29.78154945373535
29.789867401123047
29.798168182373047
29.9248104095459
29.965126037597656
29.999998092651367
30.02943992614746
30.064170837402344
30.10951042175293
30.165422439575195
30.221214294433594
30.27156639099121
30.321805953979492
30.366628646850586
30.411359786987305
30.445384979248047
30.486774444580078
30.454545974731445
30.422386169433594
30.39029312133789
30.3582706451416
30.326313018798828
30.294424057006836
30.26260757446289
30.230846405029297
30.199161529541016
30.167537689208984
30.135982513427734
30.104490280151367
30.073070526123047
30.041711807250977
30.179500579833984
30.148128509521484
30.1168212890625
30.085580825805664
30.054405212402344
30.023292541503906
29.99224090576172
29.961257934570312
29.930341720581055
29.899486541748047
29.86869239807129
29.840534210205078
29.817575454711914
29.799795150756836
29.79230308532715
29.789955139160156
29.79273223876953
29.80061149597168
29.813587188720703
29.83163070678711
29.859834671020508
29.893075942993164
29.926246643066406
30.060914993286133
30.030426025390625
30.000001907348633
29.969635009765625
29.939332962036133
29.90909194946289
29.8789119720459
29.85131072998047
29.82880210876465
29.81136703491211
29.79899024963379
29.791664123535156
29.789369583129883
29.802101135253906
29.81981658935547
29.84250259399414
29.870128631591797
29.897701263427734
29.935192108154297
29.9626522064209
29.990049362182617
30.012422561645508
30.024826049804688
30.02728271484375
30.019819259643555
29.99752426147461
29.967849731445312
30.019742965698242
30.007394790649414
30.000001907348633
29.997539520263672
30.000001907348633
30.007368087768555
30.014720916748047
30.02206039428711
30.0440731048584
30.075830459594727
30.097753524780273
30.119626998901367
30.136581420898438
30.14863395690918
30.218870162963867
30.221086502075195
30.22330093383789
30.225509643554688
30.227712631225586
30.22991371154785
30.232107162475586
30.234298706054688
30.236482620239258
30.243488311767578
30.25048065185547
30.262269973754883
30.27404022216797
30.290586471557617
30.30710220336914
30.323585510253906
30.335247039794922
30.346887588500977
30.358509063720703
30.3748779296875
30.39122200012207
30.407529830932617
30.428569793701172
30.454326629638672
30.48478889465332
30.53842544555664
30.521324157714844
30.504262924194336
30.487228393554688
30.47022819519043
30.453256607055664
30.4410400390625
30.4288387298584
30.416667938232422
30.40451431274414
30.38768768310547
30.370891571044922
30.354127883911133
30.337392807006836
30.32069206237793
30.304019927978516
30.287384033203125
30.27544403076172
30.263525009155273
30.251628875732422
30.239761352539062
30.23255729675293
30.22536849975586
30.218198776245117
30.215675354003906
30.213159561157227
30.210649490356445
30.208141326904297
30.205636978149414
30.20775604248047
30.209869384765625
30.331493377685547
30.303585052490234
30.275732040405273
30.24793243408203
30.220186233520508
30.192481994628906
30.16483497619629
30.137235641479492
30.10968780517578
30.082189559936523
30.05474281311035
30.17987060546875
30.2365779876709
30.288637161254883
30.26112937927246
30.23366355895996
30.206256866455078
30.178895950317383
30.15158462524414
30.12432098388672
30.097108840942383
30.069944381713867
30.04283332824707
30.015764236450195
29.98874855041504
29.961780548095703
29.934860229492188
29.907989501953125
29.881160736083984
29.854389190673828
29.82766342163086
29.800981521606445
29.774349212646484
29.747766494750977
29.721229553222656
29.694738388061523
29.668298721313477
29.724445343017578
29.718029022216797
29.71162223815918
29.70522689819336
29.698848724365234
29.692476272583008
29.681699752807617
29.675352096557617
29.66901969909668
29.662694931030273
29.656387329101562
29.65008544921875
29.643798828125
29.64191436767578
29.640037536621094
29.638158798217773
29.636281967163086
29.634410858154297
29.636919021606445
29.639419555664062
29.64192008972168
29.6444149017334
29.651264190673828
29.658100128173828
29.664920806884766
29.671737670898438
29.707033157348633
29.681264877319336
29.655546188354492
29.629867553710938
29.75151252746582
29.812175750732422
29.87273406982422
29.84698486328125
29.821277618408203
29.795610427856445
29.76999282836914
29.744417190551758
29.718881607055664
29.693397521972656
29.667953491210938
29.64255142211914
29.617197036743164
29.59187889099121
29.56661033630371
29.541379928588867
29.516197204589844
29.49105453491211
29.608842849731445
29.666522979736328
29.724109649658203
29.698896408081055
29.673725128173828
29.648601531982422
29.623519897460938
29.598480224609375
29.57347869873047
29.548526763916016
29.523611068725586
29.49873161315918
29.47390365600586
29.44911766052246
29.42436981201172
29.3996639251709
29.374998092651367
29.35037612915039
29.325794219970703
29.30125617980957
29.276756286621094
29.252296447753906
29.227876663208008
29.203500747680664
29.179168701171875
29.15486717224121
29.130613327026367
29.106403350830078
29.082223892211914
29.05809211730957
29.107290267944336
29.09768295288086
29.092226028442383
29.086774826049805
29.085466384887695
29.08416175842285
29.082853317260742
29.14814567565918
29.15501594543457
29.16187286376953
29.168718338012695
29.175552368164062
29.182376861572266
29.18918800354004
29.19599151611328
29.202777862548828
29.20956039428711
29.216325759887695
29.22308349609375
29.229825973510742
29.23249053955078
29.239219665527344
29.249998092651367
29.260761260986328
29.271507263183594
29.278182983398438
29.28484344482422
29.29149627685547
29.298141479492188
29.304767608642578
29.3154296875
29.348791122436523
29.32513999938965
29.301530838012695
29.277956008911133
29.25442123413086
29.23092269897461
29.207462310791016
29.184040069580078
29.160654067993164
29.13730812072754
29.113998413085938
29.157346725463867
29.140064239501953
29.173309326171875
29.206443786621094
29.1832275390625
29.160045623779297
29.136905670166016
29.20364761352539
29.214170455932617
29.220727920532227
29.227272033691406
29.2298583984375
29.232437133789062
29.23107147216797
29.22970962524414
29.224407196044922
29.219120025634766
29.20990562438965
29.200706481933594
29.18759536743164
29.170591354370117
29.153602600097656
29.132736206054688
29.10993766784668
29.087177276611328
29.064453125
29.04176139831543
29.01911163330078
28.996490478515625
28.973907470703125
28.951358795166016
29.020980834960938
29.035324096679688
29.045772552490234
29.05620002746582
29.062742233276367
29.06926918029785
29.07192611694336
29.074569702148438
29.07335662841797
29.072147369384766
29.067075729370117
29.062021255493164
29.053115844726562
29.04422950744629
29.03151512145996
29.014978408813477
28.998464584350586
28.97814178466797
28.957855224609375
28.93568229675293
28.913541793823242
28.891437530517578
28.869365692138672
28.968345642089844
29.009145736694336
29.04607582092285
29.075342178344727
29.10076141357422
29.126136779785156
29.143884658813477
29.154020309448242
29.16034698486328
29.159090042114258
29.154050827026367
29.145235061645508
29.132652282714844
29.12009048461914
29.10377311706543
29.087478637695312
29.071212768554688
29.05120277404785
29.031225204467773
29.0093994140625
28.98760414123535
28.965839385986328
28.944110870361328
29.011234283447266
29.02133560180664
29.027673721313477
29.034006118774414
29.03659439086914
29.039180755615234
29.03803062438965
29.03688621520996
29.03201675415039
29.027158737182617
29.022302627563477
29.013744354248047
29.005199432373047
28.992950439453125
28.98072624206543
28.964811325073242
29.045856475830078
29.081668853759766
29.121122360229492
29.16051483154297
29.199853897094727
29.2391300201416
29.27466583251953
29.306474685668945
29.33456039428711
29.358922958374023
29.375917434692383
29.38921356201172
29.398828506469727
29.408424377441406
29.41434669494629
29.41660499572754
29.415205001831055
29.413806915283203
29.40875816345215
29.403717041015625
29.395044326782227
29.386383056640625
29.37409210205078
29.36181640625
29.34956169128418
29.4212646484375
29.43799591064453
29.451087951660156
29.464155197143555
29.473587036132812
29.479393005371094
29.485187530517578
29.48736572265625
29.489538192749023
29.488101959228516
29.486671447753906
29.485240936279297
29.480213165283203
29.475196838378906
29.46659278869629
29.458003997802734
29.445838928222656
29.430103302001953
29.410818099975586
29.38976287841797
29.36874008178711
29.347749710083008
29.326784133911133
29.305850982666016
29.284950256347656
29.26407814025879
29.293596267700195
29.27275848388672
29.251956939697266
29.231178283691406
29.210433959960938
29.189714431762695
29.169029235839844
29.14837074279785
29.12774085998535
29.157241821289062
29.13665199279785
29.1160888671875
29.095558166503906
29.075050354003906
29.054576873779297
29.03413200378418
29.01371192932129
28.993324279785156
28.972965240478516
28.9526309967041
28.932327270507812
28.912052154541016
28.891807556152344
28.87158966064453
28.851396560668945
28.83123779296875
28.811100006103516
28.790998458862305
28.770917892456055
28.750869750976562
28.730852127075195
28.710853576660156
28.804725646972656
28.84548568725586
28.88271713256836
28.90949821472168
28.93277931213379
28.952560424804688
28.968854904174805
28.981674194335938
28.99101448059082
28.99689292907715
29.002758026123047
29.005168914794922
29.004133224487305
29.00309944152832
29.002063751220703
28.997594833374023
28.993125915527344
28.98866844177246
28.980783462524414
28.97290802001953
29.001712799072266
28.981861114501953
28.962039947509766
28.94223976135254
28.92247200012207
28.902727127075195
28.883012771606445
28.86332893371582
28.845367431640625
28.827434539794922
28.812923431396484
28.801834106445312
28.794157028198242
28.786489486694336
28.782224655151367
28.777965545654297
28.773712158203125
28.77284812927246
28.771984100341797
28.77450942993164
28.777027130126953
28.779542922973633
28.761804580688477
28.744102478027344
28.72641372680664
28.707069396972656
28.73571014404297
28.71639633178711
28.697113037109375
28.677854537963867
28.65861701965332
28.63941192626953
28.62022590637207
28.6010684967041
28.581941604614258
28.56283187866211
28.543752670288086
28.524700164794922
28.50567054748535
28.486665725708008
28.467687606811523
28.496337890625
28.477392196655273
28.45846939086914
28.4395751953125
28.42070198059082
28.403514862060547
28.38966178894043
28.37582778930664
28.362010955810547
28.351520538330078
28.341045379638672
28.330581665039062
28.320131301879883
28.312992095947266
28.305864334106445
28.298748016357422
28.327301025390625
28.308677673339844
28.290077209472656
28.271501541137695
28.25295066833496
28.23442268371582
28.215923309326172
28.19908332824707
28.18226432800293
28.16546630859375
28.151962280273438
28.138469696044922
28.128259658813477
28.118070602416992
28.107885360717773
28.097719192504883
28.087568283081055
28.077423095703125
28.070545196533203
28.066925048828125
28.063308715820312
28.062946319580078
28.065820693969727
28.068695068359375
28.071563720703125
28.077667236328125
28.083765029907227
28.08985137939453
28.095930099487305
28.105228424072266
28.11451530456543
28.123790740966797
28.136274337768555
28.148746490478516
28.161195755004883
28.17363166809082
28.186052322387695
28.198455810546875
28.210847854614258
28.30128288269043
28.3424072265625
28.364276885986328
28.382917404174805
28.401533126831055
28.41693115234375
28.435504913330078
28.454050064086914
28.472572326660156
28.491077423095703
28.509553909301758
28.52800750732422
28.54644012451172
28.56484031677246
28.58005142211914
28.59523582458496
28.61040496826172
28.625553131103516
28.637516021728516
28.64946174621582
28.661394119262695
28.670143127441406
28.67888832092285
28.68761444091797
28.696340560913086
28.705047607421875
28.71059226989746
28.716129302978516
28.721660614013672
28.72718620300293
28.75392723083496
28.735864639282227
28.71782684326172
28.699810028076172
28.68181800842285
28.663846969604492
28.645896911621094
28.627973556518555
28.610069274902344
28.59218406677246
28.574329376220703
28.556493759155273
28.538677215576172
28.520885467529297
28.503114700317383
28.485366821289062
28.46764373779297
28.449934005737305
28.4322566986084
28.414594650268555
28.396961212158203
28.37934112548828
28.361745834350586
28.344175338745117
28.326623916625977
28.30909538269043
28.291589736938477
28.27410316467285
28.25663948059082
28.23919677734375
28.22177505493164
28.204376220703125
28.187000274658203
28.16964340209961
28.152305603027344
28.134990692138672
28.161853790283203
28.14456558227539
28.127300262451172
28.110057830810547
28.092830657958984
28.075626373291016
28.125381469726562
28.1280574798584
28.130727767944336
28.13339614868164
28.136056900024414
28.138721466064453
28.141380310058594
28.144031524658203
28.146684646606445
28.21124267578125
28.235116958618164
28.258953094482422
28.28276824951172
28.303516387939453
28.321212768554688
28.338886260986328
28.353511810302734
28.368114471435547
28.382705688476562
28.394258499145508
28.405794143676758
28.414302825927734
28.42279624938965
28.43128204345703
28.43674659729004
28.439193725585938
28.444644927978516
28.450090408325195
28.455528259277344
28.460962295532227
28.46638298034668
28.471803665161133
28.480213165283203
28.488618850708008
28.497005462646484
28.554122924804688
28.56844139099121
28.582733154296875
28.597015380859375
28.614261627197266
28.631484985351562
28.648685455322266
28.665870666503906
28.6800594329834
28.69422721862793
28.7083797454834
28.722518920898438
28.733671188354492
28.744808197021484
28.75593376159668
28.767044067382812
28.778141021728516
28.78922462463379
28.79733657836914
28.805437088012695
28.813535690307617
28.821617126464844
28.82969093322754
28.837759017944336
28.845813751220703
28.92814826965332
28.9420223236084
28.95587921142578
28.966785430908203
28.97767448425293
28.988548278808594
28.999412536621094
29.007333755493164
29.01523780822754
29.02021026611328
29.02517318725586
29.03013801574707
29.032161712646484
29.034189224243164
29.036212921142578
29.03823471069336
29.040258407592773
29.042274475097656
29.047203063964844
29.052125930786133
29.07649803161621
29.059595108032227
29.042709350585938
29.025840759277344
29.008996963500977
28.992164611816406
28.975360870361328
28.958576202392578
28.94180679321289
28.925058364868164
28.9083309173584
28.891616821289062
28.874927520751953
28.89930534362793
28.88263702392578
28.86599349975586
28.849367141723633
28.8327579498291
28.816165924072266
28.799598693847656
28.783044815063477
28.76651382446289
28.749996185302734
28.733503341674805
28.717029571533203
28.700572967529297
28.68413543701172
28.667715072631836
28.651315689086914
28.67571449279785
28.659337997436523
28.642976760864258
28.626638412475586
28.610319137573242
28.594017028808594
28.57773208618164
28.561466217041016
28.54521942138672
28.528993606567383
28.55337905883789
28.537174224853516
28.520986557006836
28.504817962646484
28.48866844177246
28.472536087036133
28.456422805786133
28.44032859802246
28.424251556396484
28.408193588256836
28.392147064208984
28.37612533569336
28.360124588012695
28.34413719177246
28.328168869018555
28.31222152709961
28.29628562927246
28.280370712280273
28.264474868774414
28.298707962036133
28.29265022277832
28.286596298217773
28.280550003051758
28.274513244628906
28.268476486206055
28.262451171875
28.256433486938477
28.25041961669922
28.24441146850586
28.238412857055664
28.232419967651367
28.2264347076416
28.220457077026367
28.21448516845703
28.211301803588867
28.2081241607666
28.20494842529297
28.204557418823242
28.204166412353516
28.203773498535156
28.203386306762695
28.202993392944336
28.202606201171875
28.20221519470215
28.201828002929688
28.201440811157227
28.2010498046875
28.20066261291504
28.197511672973633
28.194368362426758
28.19122314453125
28.188085556030273
28.18494987487793
28.181821823120117
28.256744384765625
28.241199493408203
28.225671768188477
28.210166931152344
28.196044921875
28.180572509765625
28.16511344909668
28.149669647216797
28.134244918823242
28.189655303955078
28.21116065979004
28.2408390045166
28.26460838317871
28.306055068969727
28.3083438873291
28.310626983642578
28.31290626525879
28.315185546875
28.317462921142578
28.319740295410156
28.32200813293457
28.32427978515625
28.326547622680664
28.32880973815918
28.331073760986328
28.333330154418945
28.335588455200195
28.337844848632812
28.34009552001953
28.34234619140625
28.344594955444336
28.346839904785156
28.349082946777344
28.351318359375
28.353557586669922
28.35579490661621
28.3580265045166
28.36025619506836
28.362485885620117
28.364709854125977
28.36693572998047
28.369155883789062
28.371376037597656
28.37359046936035
28.375804901123047
28.378015518188477
28.380224227905273
28.403371810913086
28.388172149658203
28.372997283935547
28.357830047607422
28.342681884765625
28.32754898071289
28.31243324279785
28.297334671020508
28.282249450683594
28.267181396484375
28.25212860107422
28.237092971801758
28.22207260131836
28.207069396972656
28.192081451416016
28.177112579345703
28.162155151367188
28.147214889526367
28.13228988647461
28.117382049560547
28.18951988220215
28.220897674560547
28.249603271484375
28.275632858276367
28.260696411132812
28.30870819091797
28.318828582763672
28.32893943786621
28.339040756225586
28.34386444091797
28.330263137817383
28.315359115600586
28.389381408691406
28.425682067871094
28.45931625366211
28.49291229248047
28.52385711669922
28.508907318115234
28.493976593017578
28.47905731201172
28.464153289794922
28.44926643371582
28.43439483642578
28.419536590576172
28.40469741821289
28.389873504638672
28.375064849853516
28.360271453857422
28.345489501953125
28.330730438232422
28.31597900390625
28.301250457763672
28.286529541015625
28.27182960510254
28.257143020629883
28.242475509643555
28.227815628051758
28.213176727294922
28.198545455932617
28.183937072753906
28.169342041015625
28.154760360717773
28.140199661254883
28.12564468383789
28.148239135742188
28.133710861206055
28.11919403076172
28.104692459106445
28.09020233154297
28.07573127746582
28.098302841186523
28.083845138549805
28.06941032409668
28.05498504638672
28.040573120117188
28.026182174682617
50.0
33.33333206176758
25.0
20.000001907348633
16.66666603088379
14.28571605682373
12.5
11.11111068725586
10.000000953674316
9.090909004211426
8.333333015441895
14.28571605682373
13.333333969116211
12.5
11.764705657958984
11.11111068725586
10.52631664276123
10.000000953674316
9.523809432983398
9.090909004211426
8.69565200805664
8.333333015441895
8.0
7.6923089027404785
7.407407283782959
7.142858028411865
6.896551609039307
6.6666669845581055
6.45161247253418
6.25
6.060606002807617
5.882352828979492
5.714285373687744
5.55555534362793
5.4054059982299805
5.263158321380615
5.128204822540283
5.000000476837158
4.878048419952393
4.761904716491699
4.651162624359131
4.545454502105713
4.44444465637207
4.34782600402832
4.255319118499756
4.166666507720947
4.081632614135742
4.0
3.9215691089630127
3.8461544513702393
5.972222328186035
6.272727012634277
6.562499523162842
6.7543864250183105
6.853447914123535
6.864406108856201
6.750000953674316
6.639344215393066
6.532258033752441
6.428572654724121
6.328125476837158
6.230769157409668
6.136363506317139
6.044776439666748
5.955882549285889
5.869565010070801
5.785714149475098
5.704225063323975
5.625
5.547945499420166
5.472973346710205
5.400000095367432
5.328947067260742
5.259740352630615
5.192307949066162
5.126582622528076
5.062500476837158
5.0
4.939023971557617
4.879518032073975
4.8214287757873535
4.764705657958984
4.7093024253845215
4.655172348022461
4.602272987365723
4.550561904907227
4.5
4.450550079345703
4.40217399597168
5.372339725494385
5.315789699554443
5.2604169845581055
5.206185340881348
5.1530609130859375
5.101009845733643
5.049999713897705
4.999999523162842
4.9509806632995605
4.902912616729736
4.855769634246826
4.809524059295654
4.764151096343994
4.719625949859619
4.6759257316589355
4.633027076721191
4.590909004211426
4.549549579620361
4.5089287757873535
4.469026565551758
4.4298248291015625
4.391304016113281
4.353447914123535
4.316239833831787
4.279661178588867
4.2436981201171875
4.208333969116211
4.173553943634033
4.139344215393066
4.105690956115723
4.840000152587891
4.8015875816345215
4.763779640197754
4.7265625
4.689922332763672
4.653846263885498
4.618320465087891
4.583333492279053
4.548872470855713
4.514925003051758
4.481481552124023
4.4485297203063965
4.41605806350708
4.384057998657227
4.352518081665039
4.3214287757873535
4.290780067443848
4.260562896728516
4.230769157409668
4.201389312744141
4.1724138259887695
4.143835544586182
4.1156463623046875
4.087838172912598
4.0604023933410645
4.033333778381348
4.006622791290283
3.9802632331848145
3.9542481899261475
3.9285712242126465
3.903225898742676
3.8782052993774414
3.8535032272338867
3.829113721847534
3.8050312995910645
3.78125
3.757763624191284
3.734567642211914
3.7116565704345703
4.2727274894714355
4.246987342834473
4.221557140350342
4.196428298950195
4.171597480773926
4.147058486938477
4.122807025909424
4.098836898803711
4.0751447677612305
4.051723957061768
4.028571605682373
5.11299467086792
5.2668538093566895
5.418994426727295
5.56944465637207
5.745856761932373
5.892857551574707
6.0382513999938965
6.182065010070801
6.720429420471191
6.751337051391602
6.781914710998535
6.812168598175049
6.842104911804199
6.87172794342041
6.901041507720947
6.865284442901611
6.829896450042725
6.794872283935547
6.760203838348389
6.725887775421143
6.691919326782227
6.658291816711426
6.624999523162842
6.592039585113525
7.056650638580322
7.058824062347412
7.060975074768066
7.038834571838379
7.004830360412598
6.97115421295166
6.937798976898193
6.904762268066406
6.8720383644104
6.839622497558594
6.807512283325195
6.775700092315674
7.175926208496094
7.142856597900391
7.110091209411621
7.077625274658203
7.045454025268555
7.013574123382568
6.981982231140137
6.950673580169678
6.919643402099609
6.888888835906982
6.858407020568848
6.828193187713623
6.798245906829834
6.768558979034424
6.73913049697876
6.709957122802734
6.681034564971924
6.652360916137695
6.623931407928467
6.5957441329956055
6.5677971839904785
6.540083885192871
6.512604713439941
6.485355854034424
6.458333969116211
6.431534767150879
6.404958724975586
6.378600597381592
6.352458953857422
6.326530933380127
6.68016242980957
6.653225421905518
6.626506328582764
6.599999904632568
6.573705196380615
6.547619342803955
6.5217390060424805
6.496062755584717
6.470588684082031
6.4453125
6.420233249664307
6.395349025726318
6.730769634246826
6.704980850219727
6.679389476776123
6.653992652893066
6.628788471221924
6.60377311706543
6.5789475440979
6.554306983947754
6.52985143661499
6.5055766105651855
6.481481552124023
6.457564830780029
6.433823585510254
6.4102559089660645
6.386861324310303
6.363636016845703
6.6787004470825195
6.654676914215088
6.630824565887451
6.607143402099609
6.583629608154297
6.560283184051514
6.537102699279785
6.514084339141846
6.491228103637695
6.468531608581543
6.445993423461914
6.423611164093018
6.401383876800537
6.379310607910156
6.357388973236084
6.335616111755371
6.313992977142334
6.292516708374023
6.271186351776123
6.25
6.228956699371338
6.2080535888671875
6.525001049041748
6.544850826263428
6.53145694732666
6.567656993865967
6.554276466369629
6.557376861572266
6.535947322845459
6.514657974243164
6.493505954742432
6.472492218017578
6.45161247253418
6.430868625640869
6.4102559089660645
6.397763729095459
6.3773884773254395
6.357142925262451
6.3370256423950195
6.3170342445373535
6.2971696853637695
6.277430057525635
6.2578125
6.238317489624023
6.218944549560547
6.199689865112305
6.180555820465088
6.161538600921631
6.142637729644775
6.12385368347168
6.10518217086792
6.378787994384766
6.359516143798828
6.340361595153809
6.321321487426758
6.302395343780518
6.2835822105407715
6.264881610870361
6.24629020690918
6.227810859680176
6.209439277648926
6.191176414489746
6.173020362854004
6.154970645904541
6.137026309967041
6.1191864013671875
6.101449489593506
6.083815097808838
6.066282272338867
6.0488505363464355
6.031518936157227
6.014285087585449
5.9971513748168945
5.980113983154297
5.963172912597656
5.946328163146973
5.929577350616455
5.91292142868042
5.896358966827393
5.87988805770874
5.8635101318359375
5.847222328186035
6.091160297393799
6.074380397796631
6.057692527770996
6.041096210479736
6.024590015411377
6.008174419403076
5.991847991943359
5.97560977935791
5.9594597816467285
5.943396091461182
5.927419185638428
5.911528587341309
5.895721912384033
5.87999963760376
5.864361763000488
5.848805904388428
5.8333330154418945
5.817942142486572
6.049869060516357
6.034031391143799
6.018277168273926
6.002604007720947
5.987013339996338
5.971502304077148
5.9560723304748535
5.940721035003662
5.925450325012207
5.910256385803223
5.895140171051025
5.880102157592773
5.865140438079834
5.850254058837891
5.835443019866943
5.820707321166992
5.806045055389404
5.791457176208496
5.776942253112793
6.246882438659668
6.480099201202393
6.581886291503906
6.683167934417725
6.783951282501221
6.884236812591553
6.984029769897461
7.083333492279053
7.182151794433594
7.28048849105835
7.378345012664795
7.4757280349731445
7.548426151275635
7.548308372497559
7.530120849609375
7.512019634246826
7.494004726409912
7.476075649261475
7.458233833312988
7.440476894378662
7.4228034019470215
7.405213356018066
7.387706756591797
7.3702826499938965
7.352940559387207
7.335680961608887
7.318500995635986
7.3014020919799805
7.284381866455078
7.267442226409912
7.250580310821533
7.233796119689941
7.217090606689453
7.200460910797119
7.183907985687256
7.419908046722412
7.40296745300293
7.386105537414551
7.369317054748535
7.352607727050781
7.335972785949707
7.319413185119629
7.3029279708862305
7.286517143249512
7.270179748535156
7.253914833068848
7.237723350524902
7.2216033935546875
7.63303804397583
7.8373894691467285
7.858719825744629
7.879956245422363
7.912088871002197
7.9331135749816895
7.954048156738281
8.338780403137207
8.52173900604248
8.671367645263672
8.777055740356445
8.86069107055664
9.25268840789795
9.427194595336914
9.407052040100098
9.386994361877441
9.367021560668945
9.34713363647461
9.327330589294434
9.307611465454102
9.28797435760498
9.268421173095703
9.248950004577637
9.229558944702148
9.210250854492188
9.191022872924805
9.171875953674316
9.439834594726562
9.518633842468262
9.586776733398438
9.644330024719238
9.691357612609863
9.73819351196289
9.774589538574219
9.810837745666504
9.836734771728516
9.85234260559082
9.86788558959961
9.883366584777832
9.898785591125488
9.914141654968262
9.929434776306152
9.93460750579834
9.93975830078125
9.944890022277832
9.960000038146973
9.97504997253418
9.990039825439453
10.004968643188477
10.019842147827148
10.034653663635254
10.039525985717773
10.044379234313965
10.049212455749512
10.054027557373047
10.049020767211914
10.044031143188477
10.0390625
10.02436637878418
10.009726524353027
9.995145797729492
9.975775718688965
9.9564790725708
9.937257766723633
9.918111801147461
10.249519348144531
10.39750862121582
10.525813102722168
10.663167953491211
10.799999237060547
10.945816993713379
11.100568771362305
11.24526596069336
11.379961967468262
11.533019065856934
11.68549919128418
11.809210777282715
11.932456970214844
12.064606666564941
12.19626235961914
12.327424049377441
12.458100318908691
12.588289260864258
12.717996597290039
12.837963104248047
12.957486152648926
13.076569557189941
13.195212364196777
13.33027458190918
13.30586051940918
13.281536102294922
13.257299423217773
13.233152389526367
13.209091186523438
13.1851167678833
13.161232948303223
13.137433052062988
13.11371898651123
13.09009075164795
13.066546440124512
13.04308795928955
13.019712448120117
12.996421813964844
12.973215103149414
12.950089454650879
12.927046775817871
12.904085159301758
12.881204605102539
12.858407020568848
12.835688591003418
12.81304931640625
12.790492057800293
12.768013954162598
12.745614051818848
12.723291397094727
12.7010498046875
12.678882598876953
12.656794548034668
12.634783744812012
12.612846374511719
12.590988159179688
12.569204330444336
12.54749584197998
12.525862693786621
12.504302978515625
12.482818603515625
12.461405754089355
12.589743614196777
12.568259239196777
12.546849250793457
12.525510787963867
12.504243850708008
12.483050346374512
12.461929321289062
12.440877914428711
12.419898986816406
12.3989896774292
12.378151893615723
12.357382774353027
12.336682319641113
12.316054344177246
12.295492172241211
12.27500057220459
12.254575729370117
12.23421859741211
12.213930130004883
12.193708419799805
12.173554420471191
12.15346622467041
12.133442878723145
12.113487243652344
12.093596458435059
12.073770523071289
12.054009437561035
12.034314155578613
12.014681816101074
11.995113372802734
11.97560977935791
11.956169128417969
11.93679141998291
11.917476654052734
11.898222923278809
11.879032135009766
11.859902381896973
12.010433197021484
12.011218070983887
12.01200008392334
12.012779235839844
12.005581855773926
11.998407363891602
11.991255760192871
11.976189613342285
11.961172103881836
11.946203231811523
11.931280136108398
11.912460327148438
11.89370059967041
11.875
11.85635757446289
11.837773323059082
11.81924819946289
11.80078125
11.782371520996094
11.764018058776855
11.745722770690918
11.727484703063965
11.709301948547363
11.691176414489746
11.673105239868164
11.6550931930542
11.637134552001953
11.619231224060059
11.6013822555542
11.583588600158691
11.565850257873535
11.548165321350098
11.530534744262695
11.512955665588379
11.495433807373047
11.4779634475708
11.460546493530273
11.443181037902832
11.425869941711426
11.568626403808594
98.74999237060547
96.66667175292969
95.62499237060547
94.99999237060547
94.58333587646484
94.28571319580078
93.43749237060547
91.66666412353516
90.75
90.45454406738281
90.20834350585938
90.0
89.8214340209961
89.66666412353516
89.84375
90.0
88.47222137451172
88.68421173095703
87.625
86.9047622680664
86.47726440429688
86.30435180664062
86.35417175292969
86.39999389648438
86.63461303710938
86.48148345947266
85.08928680419922
82.15516662597656
82.33333587646484
82.33870697021484
79.765625
77.57575988769531
75.80882263183594
73.64286041259766
71.59722137451172
69.66216278076172
71.15384674072266
71.8125
72.43901824951172
73.03572082519531
73.60465240478516
74.1477279663086
74.55555725097656
74.72826385498047
74.7872314453125
74.84375
74.89795684814453
74.94999694824219
75.09803771972656
75.33654022216797
75.5660400390625
75.69444274902344
75.81818389892578
75.84821319580078
75.87718963623047
75.8189697265625
75.76271057128906
75.70834350585938
75.65573120117188
75.6048355102539
75.5555648803711
75.50780487060547
75.46154022216797
75.41666412353516
76.10295104980469
76.41304779052734
76.71428680419922
77.00704193115234
77.29166412353516
77.56849670410156
77.83784484863281
78.03333282470703
78.28947448730469
78.53895568847656
78.78205108642578
78.95569610595703
79.12500762939453
79.29013061523438
79.39024353027344
79.48795318603516
79.58333587646484
79.67647552490234
79.76744079589844
79.8563232421875
79.94317626953125
80.02809143066406
80.16666412353516
80.24725341796875
80.38043975830078
80.51075744628906
80.63829040527344
80.7631607055664
80.88542175292969
81.00515747070312
81.12244415283203
81.1868667602539
81.20000457763672
81.2128677368164
81.27450561523438
81.33494567871094
81.34615325927734
81.35714721679688
81.36792755126953
81.68981170654297
81.78898620605469
81.88636016845703
81.98197937011719
82.03125762939453
82.035400390625
82.03947448730469
82.08695983886719
82.04741668701172
82.00855255126953
81.97034454345703
81.93278503417969
81.9375
81.94214630126953
81.98770141601562
82.03251647949219
82.07660675048828
82.12000274658203
82.16270446777344
82.20472717285156
82.24609375
82.24805450439453
82.25
82.2137451171875
82.17803192138672
82.10527038574219
82.03357696533203
82.0
82.00367736816406
82.0073013305664
82.04710388183594
82.08633422851562
82.125
82.16311645507812
82.2007064819336
82.20278930664062
82.32758331298828
82.22602844238281
82.09183502197266
81.95946502685547
81.828857421875
81.70000457763672
81.60595703125
81.54605865478516
81.51960754394531
81.4935073852539
81.5
81.53845977783203
81.5764389038086
81.582275390625
81.58805084228516
81.59375
81.59938049316406
81.60494232177734
81.61042022705078
81.61585235595703
81.82228088378906
81.88623046875
81.91964721679688
81.92308044433594
81.89705657958984
81.84210968017578
81.36627960205078
80.89595031738281
80.43103790283203
79.97142028808594
79.51705169677734
79.06779479980469
78.62359619140625
78.18435668945312
77.75
77.32044219970703
76.8956069946289
76.47540283203125
76.05978393554688
75.64865112304688
75.24193572998047
74.8395767211914
74.44149017333984
74.04761505126953
73.65789794921875
73.27225494384766
72.890625
72.51295471191406
72.1391830444336
71.76923370361328
71.40306091308594
71.04060363769531
70.68180847167969
70.32662963867188
69.97499084472656
69.62686157226562
69.28217315673828
69.09314727783203
68.756103515625
68.42233276367188
68.09178924560547
51.25
34.16667175292969
25.625
20.500001907348633
17.083335876464844
14.642858505249023
12.8125
11.38888931274414
10.250000953674316
9.318181991577148
8.541667938232422
14.464285850524902
13.500000953674316
12.656250953674316
11.911765098571777
11.25
10.6578950881958
10.125000953674316
9.642857551574707
9.204545974731445
8.80434799194336
8.437499046325684
8.100000381469727
7.788461685180664
7.500000476837158
7.232142925262451
6.982758522033691
6.750000476837158
6.532258033752441
6.328125476837158
6.136363983154297
5.955882549285889
5.785714149475098
5.625
5.472972869873047
5.3289475440979
5.192307472229004
5.062500476837158
4.939023971557617
4.8214287757873535
4.7093024253845215
4.602272987365723
4.5
4.40217399597168
4.308510780334473
4.218749523162842
4.13265323638916
4.050000190734863
3.9705886840820312
3.894230842590332
7.407407283782959
9.045453071594238
10.625000953674316
11.97368335723877
13.189655303955078
14.11016845703125
14.333334922790527
14.098360061645508
13.870967864990234
13.65079402923584
13.437500953674316
13.230769157409668
13.030303955078125
12.835820198059082
12.647059440612793
12.463768005371094
12.285714149475098
12.112675666809082
11.944445610046387
11.78082275390625
11.621622085571289
11.466667175292969
11.315790176391602
11.168830871582031
11.025641441345215
10.886075973510742
10.75
10.617283821105957
10.487804412841797
10.361445426940918
10.238096237182617
10.117647171020508
9.999999046325684
9.885056495666504
9.772727966308594
9.662921905517578
9.555556297302246
9.450549125671387
9.34782600402832
10.21276569366455
10.105263710021973
10.0
9.896906852722168
9.795917510986328
9.696969032287598
9.59999942779541
9.504949569702148
9.411765098571777
9.320388793945312
9.230769157409668
9.142857551574707
9.05660343170166
8.971961975097656
8.88888931274414
8.80733871459961
8.727272033691406
8.648649215698242
8.571429252624512
8.495574951171875
8.421052932739258
8.34782600402832
8.275861740112305
8.20512866973877
8.13559341430664
8.067227363586426
8.0
7.933883190155029
7.868851661682129
7.804878234863281
8.480000495910645
8.412698745727539
8.346456527709961
8.28125
8.21705436706543
8.153846740722656
8.09160327911377
8.030303001403809
7.9699249267578125
7.910447597503662
7.851850986480713
7.7941179275512695
7.737226963043213
7.681159496307373
7.6259002685546875
7.571429252624512
7.517730236053467
7.464788913726807
7.4125871658325195
7.361111164093018
7.310344219207764
7.260273456573486
7.210883617401123
7.162162780761719
7.114093780517578
7.066667079925537
7.019866943359375
6.973684787750244
6.92810583114624
6.883116722106934
6.838709831237793
6.794872283935547
6.751592636108398
6.708860397338867
6.666666030883789
6.625000476837158
6.583850860595703
6.543210029602051
6.503067970275879
7.030303001403809
6.987951755523682
6.946107864379883
6.904762268066406
6.863905429840088
6.823529243469238
6.783625602722168
6.7441864013671875
6.705202102661133
6.666666030883789
6.628571510314941
7.6836161613464355
8.188202857971191
8.687150955200195
9.180556297302246
9.668508529663086
10.15109920501709
10.62841510772705
11.100543975830078
12.016129493713379
12.419785499572754
12.819149017333984
13.187829971313477
13.552633285522461
13.887434959411621
14.218750953674316
14.494818687438965
14.768041610717773
15.012821197509766
15.255101203918457
15.469542503356934
15.656566619873047
15.841707229614258
16.0
16.15671730041504
16.945812225341797
17.316177368164062
17.634145736694336
17.85194206237793
17.97101593017578
17.920673370361328
17.834928512573242
17.75
17.665878295898438
17.582548141479492
17.500001907348633
17.418224334716797
17.719905853271484
17.638248443603516
17.55733871459961
17.477169036865234
17.397727966308594
17.31900405883789
17.240991592407227
17.163677215576172
17.087055206298828
17.011112213134766
16.935840606689453
16.86123275756836
16.787281036376953
16.713973999023438
16.64130401611328
16.569263458251953
16.49784278869629
16.427038192749023
16.35683822631836
16.287235260009766
16.218219757080078
16.149789810180664
16.081932067871094
16.014644622802734
15.947916984558105
15.881744384765625
15.81611442565918
15.751028060913086
15.686474800109863
15.62244701385498
15.900808334350586
15.83669376373291
15.773092269897461
15.709999084472656
15.647409439086914
15.585318565368652
