61.249996185302734
48.333335876464844
41.875
38.000003814697266
35.416664123535156
33.57142639160156
31.562501907348633
28.333335876464844
25.75
23.636363983154297
21.875
20.384614944458008
19.107145309448242
18.0
17.03125
16.176471710205078
15.416666984558105
14.736841201782227
14.125
13.571429252624512
13.068182945251465
12.608696937561035
12.1875
11.800000190734863
11.442307472229004
11.111112594604492
10.803571701049805
10.517241477966309
10.250000953674316
9.999999046325684
9.765625
9.545454025268555
9.338234901428223
9.14285659790039
8.958333969116211
8.783784866333008
11.34615421295166
11.500000953674316
11.646340370178223
11.785714149475098
11.918604850769043
12.045454978942871
12.05555534362793
12.065217018127441
11.968085289001465
11.770833969116211
11.581633567810059
11.399999618530273
11.22549057006836
11.057693481445312
10.89622688293457
10.740741729736328
10.590909004211426
10.535715103149414
10.48245620727539
10.344827651977539
10.211864471435547
10.083333015441895
9.959014892578125
9.838709831237793
9.722222328186035
9.609375953674316
9.5
9.393939971923828
11.139705657958984
11.52173900604248
11.892858505249023
12.253520965576172
12.604167938232422
12.945204734802246
13.20945930480957
13.466666221618652
13.651315689086914
13.506492614746094
13.429488182067871
13.291139602661133
13.15625
13.024690628051758
12.896341323852539
12.771084785461426
12.648810386657715
12.529413223266602
12.41279125213623
12.298850059509277
12.1875
12.078651428222656
11.972223281860352
11.868131637573242
11.766304016113281
11.666667938232422
11.569149017333984
11.473684310913086
11.380208969116211
11.288658142089844
11.198979377746582
11.111111640930176
11.02500057220459
10.940593719482422
10.857843399047852
10.77669906616211
10.697115898132324
10.619047164916992
10.54245376586914
11.435186386108398
11.490825653076172
11.545454025268555
11.599100112915039
11.651785850524902
11.703540802001953
11.710526466369629
11.760869026184082
11.810345649719238
11.816239356994629
11.822032928466797
11.827731132507324
11.833333969116211
11.83884334564209
11.803277015686035
11.768291473388672
11.774194717407227
11.74000072479248
11.746031761169434
11.791337966918945
11.7578125
11.763565063476562
11.769230842590332
11.736641883850098
11.704545974731445
11.672932624816895
11.679104804992676
11.685185432434082
11.691177368164062
11.660584449768066
11.666667938232422
11.672661781311035
11.642857551574707
11.61347484588623
11.584506034851074
11.555944442749023
12.137931823730469
12.140412330627441
12.108842849731445
12.077703475952148
12.046978950500488
12.016667366027832
11.986754417419434
11.95723819732666
11.928104400634766
11.8993501663208
11.870967864990234
11.842949867248535
11.815286636352539
11.787975311279297
11.729558944702148
11.671875
11.645962715148926
11.620370864868164
11.625767707824707
11.600608825683594
12.078312873840332
12.02095890045166
11.964286804199219
11.908284187316895
11.852941513061523
11.798246383666992
11.744186401367188
11.690751075744629
11.637930870056152
11.585714340209961
11.534090995788574
11.483051300048828
11.432584762573242
11.382680892944336
11.333333969116211
11.284531593322754
11.2362642288208
11.18852424621582
11.141304969787598
11.094595909118652
11.04838752746582
11.002673149108887
10.957447052001953
10.912697792053223
10.86842155456543
10.824606895446777
10.78125
10.738343238830566
10.695876121520996
10.653847694396973
10.612244606018066
10.571065902709961
10.530303001403809
10.489949226379395
10.450000762939453
10.410447120666504
10.37128734588623
10.845587730407715
10.804879188537598
10.76456356048584
10.724637031555176
10.685096740722656
10.6459321975708
11.07819938659668
11.084905624389648
11.09154987335205
11.09813117980957
11.081395149230957
11.064814567565918
11.04838752746582
11.032109260559082
11.01598072052002
11.0
11.00678825378418
10.99099063873291
10.975337028503418
10.959820747375488
10.944443702697754
10.951327323913574
10.980175971984863
11.008771896362305
11.015283584594727
10.999999046325684
10.984848022460938
10.991379737854004
10.976394653320312
10.961538314819336
10.946808815002441
10.93220329284668
10.938817024230957
10.945379257202148
10.972803115844727
11.000000953674316
11.026971817016602
11.053718566894531
11.039093971252441
11.024589538574219
11.01020336151123
10.99593448638916
10.981781959533691
11.305220603942871
11.270000457763672
11.235060691833496
11.200396537780762
11.166009902954102
11.15157413482666
11.137255668640137
11.123046875
11.089493751525879
11.056201934814453
11.023167610168457
11.009614944458008
10.977011680603027
10.944657325744629
10.912548065185547
10.880681991577148
10.8490571975708
10.817669868469238
10.786517143249512
10.755597114562988
10.724906921386719
10.69444465637207
10.664205551147461
10.634191513061523
10.604395866394043
10.574817657470703
10.545454025268555
10.516304016113281
10.487364768981934
10.458634376525879
10.430108070373535
10.401785850524902
10.373665809631348
10.345745086669922
10.318021774291992
10.29049301147461
10.263158798217773
10.54878044128418
10.520833969116211
10.493080139160156
10.773195266723633
10.74486255645752
10.71672248840332
10.688776016235352
10.661017417907715
10.63344669342041
10.606060028076172
10.578859329223633
10.551838874816895
10.524999618530273
10.498337745666504
10.471854209899902
10.445544242858887
10.419407844543457
10.393442153930664
10.367647171020508
10.342020034790039
10.316557884216309
10.29126262664795
10.266129493713379
10.241156578063965
10.21634578704834
10.191694259643555
10.167198181152344
10.142857551574707
10.118670463562012
10.094637870788574
10.070754051208496
10.047021865844727
10.0234375
9.999999046325684
9.97670841217041
9.953559875488281
9.93055534362793
9.907692909240723
9.884968757629395
9.862385749816895
10.113982200622559
10.090909957885742
10.067975997924805
10.04517936706543
10.022522926330566
10.0
9.977611541748047
9.955357551574707
9.948070526123047
9.940829277038574
9.918878555297852
9.897059440612793
9.890029907226562
9.883041381835938
9.861516952514648
9.840116500854492
9.818840980529785
9.797687530517578
9.776657104492188
9.755746841430664
9.73495864868164
9.714284896850586
9.693733215332031
9.673295974731445
9.652974128723145
9.632766723632812
9.612675666809082
9.592696189880371
9.572829246520996
9.553071975708008
9.533427238464355
9.51388931274414
9.49445915222168
9.73829174041748
9.732142448425293
9.726027488708496
9.719945907592773
9.713896751403809
9.707880973815918
9.701896667480469
9.695945739746094
9.676549911499023
9.657258987426758
9.638071060180664
9.61898422241211
9.59999942779541
9.581116676330566
9.562334060668945
9.54365062713623
9.525066375732422
9.506579399108887
9.488189697265625
9.469895362854004
9.45169734954834
9.433594703674316
9.415584564208984
9.397668838500977
9.379844665527344
9.362112998962402
9.344473838806152
9.326923370361328
9.309462547302246
9.292092323303223
9.274809837341309
9.257614135742188
9.469696998596191
9.452140808105469
9.434674263000488
9.643750190734863
9.625934600830078
9.608209609985352
9.590570449829102
9.573019981384277
9.555556297302246
9.538177490234375
9.533169746398926
9.528186798095703
9.523226737976074
9.518292427062988
9.501215934753418
9.484224319458008
9.479418754577637
9.474637031555176
9.457831382751465
9.441106796264648
9.424461364746094
9.407894134521484
9.403340339660645
9.398809432983398
9.382423400878906
9.366113662719727
9.349882125854492
9.33372688293457
9.317646980285645
9.301643371582031
9.285714149475098
9.269859313964844
9.25407886505127
9.238372802734375
9.222737312316895
9.207176208496094
9.191685676574707
9.176267623901367
9.160919189453125
9.145642280578613
9.130434036254883
9.34510326385498
9.352272033691406
9.359410285949707
9.366517066955566
9.373589515686035
9.369370460510254
9.376404762268066
9.372197151184082
9.368009567260742
9.386160850524902
9.393096923828125
9.399999618530273
9.40687370300293
9.413717269897461
9.409492492675781
9.405284881591797
9.40109920501709
9.4078950881958
9.414661407470703
9.410481452941895
9.417210578918457
9.413043022155762
9.408893585205078
9.40476131439209
9.40064811706543
9.396553039550781
9.403226852416992
9.399142265319824
9.395074844360352
9.391026496887207
9.386994361877441
9.382978439331055
9.37898063659668
9.74630069732666
9.899787902832031
10.042104721069336
10.173319816589355
10.293500900268555
10.402719497680664
10.501044273376465
10.484375
10.467775344848633
10.45124626159668
10.434783935546875
10.418388366699219
10.402061462402344
10.385802268981934
10.369609832763672
10.353483200073242
10.337422370910645
10.321428298950195
10.305500030517578
10.289632797241211
10.273833274841309
10.258097648620605
10.242424964904785
10.226813316345215
10.211267471313477
10.195783615112305
10.430000305175781
10.464072227478027
10.47808837890625
10.699405670166016
10.732673645019531
10.755928993225098
10.739645004272461
10.72342586517334
10.707269668579102
10.691176414489746
10.675146102905273
10.6591796875
10.643275260925293
10.627431869506836
10.611651420593262
10.595930099487305
10.58027172088623
10.564672470092773
10.549132347106934
10.53365421295166
10.518233299255371
10.502873420715332
10.487571716308594
10.472329139709473
10.45714282989502
10.442015647888184
10.596590995788574
10.581284523010254
10.566039085388184
10.550846099853516
10.535714149475098
10.520638465881348
10.50561809539795
10.490653991699219
10.475746154785156
10.460893630981445
10.446097373962402
10.431354522705078
10.416666030883789
10.402033805847168
10.38745403289795
10.37292766571045
10.358455657958984
10.344037055969238
10.329670906066895
10.315357208251953
10.301094055175781
10.286885261535645
10.272726058959961
10.258621215820312
10.244565963745117
10.230561256408691
10.216606140136719
10.202702522277832
10.188849449157715
10.17504596710205
10.161290168762207
10.147584915161133
10.133928298950195
10.289146423339844
10.284191131591797
10.279254913330078
10.274336814880371
10.269433975219727
10.264549255371094
10.259682655334473
10.254833221435547
10.250000953674316
10.23642635345459
10.22290325164795
10.209424018859863
10.195992469787598
10.182608604431152
10.169270515441895
10.15597915649414
10.142733573913574
10.129533767700195
10.116378784179688
10.103270530700684
10.090206146240234
10.077187538146973
10.06421184539795
10.051281929016113
10.038394927978516
10.025553703308105
10.012754440307617
10.0
9.987287521362305
9.97461986541748
9.961993217468262
9.949409484863281
10.113446235656738
10.125839233398438
10.138190269470215
10.15050220489502
10.162771224975586
10.175000190734863
10.187188148498535
10.191030502319336
10.194860458374023
10.198675155639648
10.202478408813477
10.206270217895508
10.218287467956543
10.213815689086914
10.217569351196289
10.221311569213867
10.21685791015625
10.212418556213379
10.20799446105957
10.211725234985352
10.215447425842285
10.211038589477539
10.206645965576172
10.202265739440918
10.19789981842041
10.193549156188965
10.189209938049316
10.184887886047363
10.180577278137207
10.17628288269043
10.164000511169434
10.151756286621094
10.147527694702148
10.143312454223633
10.139110565185547
10.134921073913574
10.130744934082031
10.126582145690918
10.272082328796387
10.275590896606445
10.279088020324707
10.274725914001465
10.270376205444336
10.266039848327637
10.26953125
10.273011207580566
10.276479721069336
10.279936790466309
10.27562141418457
10.279069900512695
10.28250789642334
10.278205871582031
10.273921012878418
10.269646644592285
10.265384674072266
10.261137962341309
10.256901741027832
10.252681732177734
10.240825653076172
10.236641883850098
10.232470512390137
10.228311538696289
10.224164009094238
10.220029830932617
10.208333969116211
10.377643585205078
10.395927429199219
10.414155960083008
10.417292594909668
10.40540599822998
10.393553733825684
10.38173770904541
10.369955062866211
10.358209609985352
10.346497535705566
10.334820747375488
10.323180198669434
10.31157398223877
10.30000114440918
10.28846263885498
10.276956558227539
10.265487670898438
10.254051208496094
10.242648124694824
10.231278419494629
10.219942092895508
10.208639144897461
10.197368621826172
10.18613052368164
10.1749267578125
10.163755416870117
10.152616500854492
10.141509056091309
10.318379402160645
10.364884376525879
10.404040336608887
10.443083763122559
10.474820137023926
10.499281883239746
10.523673057556152
10.555158615112305
10.579398155212402
10.603571891784668
10.620542526245117
10.637465476989746
10.66145133972168
10.685370445251465
10.709219932556152
10.74008560180664
10.777935028076172
10.808615684509277
10.832159042358398
10.855634689331055
10.879043579101562
10.90941047668457
10.939691543579102
10.969888687133789
11.0
11.030027389526367
11.052998542785645
11.075905799865723
11.098749160766602
11.121529579162598
11.144245147705078
11.166897773742676
11.189488410949707
11.212017059326172
11.234482765197754
11.256887435913086
11.279230117797852
11.30151081085205
11.323731422424316
11.446648597717285
11.448086738586426
11.449522972106934
11.450953483581543
11.445577621459961
11.440217018127441
11.434870719909668
11.429539680480957
11.424221992492676
11.425676345825195
11.427124977111816
11.428571701049805
11.430014610290527
11.424731254577637
11.419463157653809
11.414209365844727
11.40896987915039
11.410429000854492
11.411883354187012
11.413333892822266
11.414780616760254
11.409574508666992
11.397741317749023
11.385941505432129
11.37417221069336
11.369046211242676
11.363937377929688
11.358839988708496
11.353754997253418
11.348685264587402
11.343626976013184
11.338582992553711
11.333553314208984
11.328533172607422
11.323529243469238
11.318537712097168
11.313558578491211
11.30859375
11.418830871582031
11.413748741149902
11.408679008483887
11.4036226272583
11.398579597473145
11.393548965454102
11.388530731201172
11.383527755737305
11.378535270690918
11.373556137084961
11.368590354919434
11.370038032531738
11.37148380279541
11.366538047790527
11.361607551574707
11.356687545776367
11.351780891418457
11.34688663482666
11.342005729675293
11.337135314941406
11.338607788085938
11.327433586120605
11.322602272033691
11.31147575378418
11.30037784576416
11.295597076416016
11.290828704833984
11.286072731018066
11.281328201293945
11.276597023010254
11.27187442779541
11.267166137695312
11.256235122680664
11.251555442810059
11.240671157836914
11.2360258102417
11.225187301635742
11.214373588562012
11.203588485717773
11.339506149291992
11.371763229370117
11.403940200805664
11.436038970947266
11.474202156066895
11.499999046325684
11.525736808776855
11.551408767700195
11.577017784118652
11.608670234680176
11.62804889678955
11.641291618347168
11.648418426513672
11.649455070495605
11.763636589050293
11.758475303649902
11.753326416015625
11.754227638244629
11.761157989501953
11.768073081970215
11.774971008300781
11.781851768493652
11.788715362548828
11.795563697814941
11.802395820617676
11.809210777282715
11.816009521484375
11.822793006896973
11.829558372497559
11.836309432983398
11.837099075317383
11.84382438659668
11.844603538513184
11.839455604553223
11.846153259277344
11.84101676940918
11.841794967651367
11.842571258544922
11.843345642089844
11.838234901428223
11.833137512207031
11.822183609008789
11.811254501342773
11.800350189208984
11.789473533630371
11.778620719909668
11.767794609069824
11.756994247436523
11.746217727661133
11.735465049743652
11.724738121032715
11.845307350158691
11.834489822387695
11.823699951171875
11.812932968139648
11.802191734313965
11.791474342346191
11.780783653259277
11.77011489868164
11.759471893310547
11.748851776123047
11.738259315490723
11.72768783569336
11.717144012451172
11.706620216369629
11.696122169494629
11.685648918151855
11.680887222290039
11.676136016845703
11.66572093963623
11.655328750610352
11.6449613571167
11.64027214050293
11.63559341430664
11.630926132202148
11.62626838684082
11.615991592407227
11.611361503601074
11.606742858886719
11.602133750915527
11.597535133361816
11.587347030639648
11.577181816101074
11.572626113891602
11.5625
11.552397727966309
11.542316436767578
11.532257080078125
11.522222518920898
11.610310554504395
11.600220680236816
11.595686912536621
11.59115982055664
11.689637184143066
11.690528869628906
11.69141960144043
11.69230842590332
11.693195343017578
11.694079399108887
11.694962501525879
11.695842742919922
11.69125747680664
11.686681747436523
11.68211555480957
11.677559852600098
11.673015594482422
11.668478012084961
11.663952827453613
11.659436225891113
11.654930114746094
11.650432586669922
11.645946502685547
11.641468048095703
11.637001037597656
11.627155303955078
11.622712135314941
11.734694480895996
11.77306842803955
11.806002616882324
11.833511352539062
11.850266456604004
11.872330665588379
11.91035270690918
11.958956718444824
12.002129554748535
12.045211791992188
12.082889556884766
12.115180969238281
12.136797904968262
12.219576835632324
12.209301948547363
12.199049949645996
12.188817977905273
12.178608894348145
12.168421745300293
12.158254623413086
12.148109436035156
12.137985229492188
12.12788200378418
12.11780071258545
12.107741355895996
12.097701072692871
12.08768367767334
12.07768440246582
12.247659683227539
12.237525939941406
12.227415084838867
12.217324256896973
12.207254409790039
12.197205543518066
12.187176704406738
12.177169799804688
12.167182922363281
12.157217025756836
12.147271156311035
12.137344360351562
12.127442359924316
12.117557525634766
12.107691764831543
12.102970123291016
12.098259925842285
12.098670959472656
12.104187965393066
12.114795684814453
12.135575294494629
12.161405563354492
12.177009582519531
12.337563514709473
12.327587127685547
12.317630767822266
12.307693481445312
12.297776222229004
12.28787899017334
12.27800178527832
12.268144607543945
12.258307456970215
12.248491287231445
12.238693237304688
12.228915214538574
12.224172592163086
12.224449157714844
12.229730606079102
12.235001564025879
12.250248908996582
12.270459175109863
12.300599098205566
12.320716857910156
12.335821151733398
12.340953826904297
12.346076965332031
12.341270446777344
12.331517219543457
12.321783065795898
12.312067031860352
12.388943672180176
12.379191398620605
12.36945915222168
12.35974407196045
12.354965209960938
12.355108261108398
12.355250358581543
12.355393409729004
12.360431671142578
12.38013744354248
12.390029907226562
12.399903297424316
12.404877662658691
12.4049711227417
12.480545997619629
12.470845222473145
12.461164474487305
12.45150375366211
12.441862106323242
12.432235717773438
12.42263126373291
12.417875289916992
12.40830135345459
12.40356731414795
12.398843765258789
12.398941993713379
12.399038314819336
12.39913558959961
12.399232864379883
12.39932918548584
12.399425506591797
12.394736289978027
12.390057563781738
12.390162467956543
12.390268325805664
12.390372276306152
12.385713577270508
12.395337104797363
12.409695625305176
12.483397483825684
12.473933219909668
12.464489936828613
12.455061912536621
12.44565200805664
12.436261177062988
12.426887512207031
12.417530059814453
12.40819263458252
12.398870468139648
12.389567375183105
12.380281448364258
12.371013641357422
12.361762046813965
12.35252857208252
12.34331226348877
12.334113121032715
12.324930191040039
12.315765380859375
12.30661678314209
12.297486305236816
12.293024063110352
12.288568496704102
12.284122467041016
12.279685020446777
12.27525520324707
12.270833015441895
12.266419410705566
12.262015342712402
12.257617950439453
12.253228187561035
12.398711204528809
12.389604568481445
12.380515098571777
12.371441841125488
12.362386703491211
12.35334587097168
12.34432315826416
12.335315704345703
12.326325416564941
12.317352294921875
12.308395385742188
12.46129322052002
12.529571533203125
12.593182563781738
12.584015846252441
12.57486343383789
12.565729141235352
12.556612014770508
12.54751205444336
12.538427352905273
12.52935791015625
12.520305633544922
12.511271476745605
12.502252578735352
12.49324893951416
12.484262466430664
12.475292205810547
12.466339111328125
12.457399368286133
12.448476791381836
12.439569473266602
12.430679321289062
12.421804428100586
12.412946701049805
12.40410327911377
12.395276069641113
12.386465072631836
12.45555591583252
12.446714401245117
12.437889099121094
12.429078102111816
12.420283317565918
12.411504745483398
12.402742385864258
12.393993377685547
12.385261535644531
12.376542091369629
12.367841720581055
12.35915470123291
12.350483894348145
12.341828346252441
12.337577819824219
12.333333969116211
12.329096794128418
12.324868202209473
12.320648193359375
12.31643295288086
12.312227249145508
12.312393188476562
12.312554359436035
12.312718391418457
12.312880516052246
12.313043594360352
12.380642890930176
12.37207317352295
12.363518714904785
12.354979515075684
12.504321098327637
12.577719688415527
12.650992393493652
12.642240524291992
12.633505821228027
12.624785423278809
12.616080284118652
12.607388496398926
12.598711013793945
12.590052604675293
12.581404685974121
12.572773933410645
12.56415843963623
12.555556297302246
12.546968460083008
12.538395881652832
12.529838562011719
12.521293640136719
12.670066833496094
12.742140769958496
12.814092636108398
12.805342674255371
12.796610832214355
12.787890434265137
12.77918815612793
12.770498275756836
12.761825561523438
12.753164291381836
12.74452018737793
12.735888481140137
12.727272033691406
12.718671798706055
12.71008586883545
12.70151138305664
12.692954063415527
12.684409141540527
12.675878524780273
12.667365074157715
12.658863067626953
12.650376319885254
12.6419038772583
12.633444786071777
12.625
12.616568565368652
12.608152389526367
12.599751472473145
12.591361999511719
12.582987785339355
12.647059440612793
12.638659477233887
12.630271911621094
12.62190055847168
12.613543510437012
12.605198860168457
12.596867561340332
12.6646089553833
12.664474487304688
12.664339065551758
12.6600980758667
12.664069175720215
12.659835815429688
12.655610084533691
12.651392936706543
12.647178649902344
12.642973899841309
12.642857551574707
12.642741203308105
12.642624855041504
12.638436317443848
12.634255409240723
12.634145736694336
12.629977226257324
12.625811576843262
12.629765510559082
12.62560749053955
12.621458053588867
12.617313385009766
12.617218017578125
12.625202178955078
12.687500953674316
12.679290771484375
12.67109489440918
12.66291332244873
12.654742240905762
12.646585464477539
12.638443946838379
12.630313873291016
12.62219524383545
12.614090919494629
12.605998992919922
12.667730331420898
12.659616470336914
12.721115112304688
12.782419204711914
12.774245262145996
12.766085624694824
12.75793743133545
12.826863288879395
12.826603889465332
12.826345443725586
12.822134971618652
12.8179292678833
12.809785842895508
12.801655769348145
12.793538093566895
12.785431861877441
12.777339935302734
12.769259452819824
12.761195182800293
12.753141403198242
12.745099067687988
12.737068176269531
12.72905158996582
12.721050262451172
12.713056564331055
12.705079078674316
12.697113037109375
12.68915843963623
12.6812162399292
12.673285484313965
12.665369987487793
12.740869522094727
12.740683555603027
12.740497589111328
12.744185447692871
12.743997573852539
12.739938735961914
12.735885620117188
12.73183822631836
12.72393798828125
12.7199068069458
12.712028503417969
12.704160690307617
12.696305274963379
12.688461303710938
12.680630683898926
12.672811508178711
12.665003776550293
12.657208442687988
12.649425506591797
12.641654968261719
12.633893966674805
12.626147270202637
12.618410110473633
12.726926803588867
12.76867389678955
12.798934936523438
12.825343132019043
12.844106674194336
12.86284351348877
12.877752304077148
12.885051727294922
12.88855266571045
12.888256072998047
12.88417911529541
12.876322746276855
12.868481636047363
12.860650062561035
12.852829933166504
12.845023155212402
12.837227821350098
12.829442024230957
12.821669578552246
12.813909530639648
12.806160926818848
12.798423767089844
12.790698051452637
12.859550476074219
12.859281539916992
12.859013557434082
12.855008125305176
12.851008415222168
12.843283653259277
12.835569381713867
12.827868461608887
12.82017993927002
12.812500953674316
12.80483341217041
12.797176361083984
12.789532661437988
12.781898498535156
12.77427864074707
12.766668319702148
12.856878280639648
12.889873504638672
12.933900833129883
12.981549263000488
13.029129981994629
13.069270133972168
13.105670928955078
13.138336181640625
13.159927368164062
13.163116455078125
13.177312850952148
13.187821388244629
13.198312759399414
13.208791732788086
13.215592384338379
13.215070724487305
13.210892677307129
13.206720352172852
13.206204414367676
13.205689430236816
13.201530456542969
13.201020240783691
13.196870803833008
13.192728042602539
13.188590049743652
13.258346557617188
13.261422157287598
13.264493942260742
13.263938903808594
13.25976848602295
13.25560474395752
13.251444816589355
13.243682861328125
13.235931396484375
13.228191375732422
13.22046184539795
13.212743759155273
13.205036163330078
13.19734001159668
13.189655303955078
13.181981086730957
13.174317359924316
13.166666030883789
13.159026145935059
13.151395797729492
13.143775939941406
13.13616943359375
13.128571510314941
13.12098503112793
13.113409042358398
13.10584545135498
13.174379348754883
13.16678524017334
13.15920352935791
13.151634216308594
13.144072532653809
13.136524200439453
13.128987312316895
13.121459007263184
13.113943099975586
13.174912452697754
13.167373657226562
13.159844398498535
13.152326583862305
13.144819259643555
13.137324333190918
13.129837989807129
13.12236213684082
13.114899635314941
13.107444763183594
13.09999942779541
13.092565536499023
13.085143089294434
13.077731132507324
13.070328712463379
13.06293773651123
13.05555534362793
13.04818344116211
13.040822982788086
13.03347396850586
13.026131629943848
13.01880168914795
13.011482238769531
13.120222091674805
13.161459922790527
13.195696830749512
13.19868278503418
13.212058067321777
13.211565017700195
13.21107292175293
13.21403980255127
13.210090637207031
13.206148147583008
13.205659866333008
13.2017240524292
13.197794914245605
13.190427780151367
13.183069229125977
13.1757230758667
13.16838550567627
13.161057472229004
13.153740882873535
13.146432876586914
13.198630332946777
13.191307067871094
13.18399429321289
13.176691055297852
13.16939926147461
13.162117004394531
13.1548433303833
13.147581100463867
13.140326499938965
13.133085250854492
13.129252433776855
13.125425338745117
13.121604919433594
13.121180534362793
13.120759963989258
13.120339393615723
13.116531372070312
13.116113662719727
13.112312316894531
13.108518600463867
13.11148738861084
13.107697486877441
13.103914260864258
13.100135803222656
13.092991828918457
13.085858345031738
13.137188911437988
13.13003921508789
13.12290096282959
13.115772247314453
13.10865306854248
13.101541519165039
13.094440460205078
13.087349891662598
13.080267906188965
13.073195457458496
13.066132545471191
13.059080123901367
13.05203628540039
13.045001029968262
13.037976264953613
13.088822364807129
13.081781387329102
13.074749946594238
13.067729949951172
13.060717582702637
13.05371379852295
13.046720504760742
13.039734840393066
13.032759666442871
13.025793075561523
13.018837928771973
13.015192985534668
13.011550903320312
13.004617691040039
13.000988960266113
12.99736499786377
13.047698020935059
13.040762901306152
13.03383731842041
13.026921272277832
13.020014762878418
13.013115882873535
13.0062255859375
13.002618789672852
12.999017715454102
12.99542236328125
12.991830825805664
12.991508483886719
12.991188049316406
12.990867614746094
12.990548133850098
12.986971855163574
12.986654281616211
12.983083724975586
12.97951889038086
12.98245620727539
12.978896141052246
12.975340843200684
12.975030899047852
12.981204986572266
12.987370491027832
12.996763229370117
12.996443748474121
13.002586364746094
13.011950492858887
13.018075942993164
13.027420997619629
13.039973258972168
13.052513122558594
13.065035820007324
13.077542304992676
13.093246459960938
13.108932495117188
13.124598503112793
13.137035369873047
13.240385055541992
13.28475284576416
13.28425121307373
13.296545028686523
13.30562686920166
13.311500549316406
13.320562362670898
13.326421737670898
13.32589340209961
13.325366020202637
13.334395408630371
13.343411445617676
13.349236488342285
13.351875305175781
13.357686996459961
13.36349105834961
13.359771728515625
13.356057167053223
13.352344512939453
13.354971885681152
13.35443115234375
13.353890419006348
13.350190162658691
13.346492767333984
13.342802047729492
13.339117050170898
13.335434913635254
13.331758499145508
13.328083992004395
13.324419021606445
13.384664535522461
13.377827644348145
13.370999336242676
13.364177703857422
13.357366561889648
13.350564002990723
13.343770980834961
13.336984634399414
13.330205917358398
13.32343864440918
13.31667709350586
13.309924125671387
13.303181648254395
13.29644775390625
13.289719581604004
13.283000946044922
13.27629280090332
13.2695894241333
13.262896537780762
13.256211280822754
13.249534606933594
13.242866516113281
13.236207008361816
13.229555130004883
13.222911834716797
13.216275215148926
13.209647178649902
13.203027725219727
13.196417808532715
13.18981647491455
13.183219909667969
13.176633834838867
13.170056343078613
13.16348648071289
13.156923294067383
13.150368690490723
13.197175025939941
13.190606117248535
13.184049606323242
13.177497863769531
13.170954704284668
13.164420127868652
13.214066505432129
13.210575103759766
13.207085609436035
13.203601837158203
13.200121879577637
13.196647644042969
13.193175315856934
13.18970775604248
13.18320083618164
13.247719764709473
13.259416580200195
13.271098136901855
13.282767295837402
13.285324096679688
13.290908813476562
13.296486854553223
13.302059173583984
13.307621955871582
13.310157775878906
13.312689781188965
13.312199592590332
13.311708450317383
13.311217308044434
13.307716369628906
13.304218292236328
13.3007230758667
13.297232627868652
13.290739059448242
13.284256935119629
13.277777671813965
13.271309852600098
13.264846801757812
13.261391639709473
13.257938385009766
13.257485389709473
13.305920600891113
13.302451133728027
13.304957389831543
13.307462692260742
13.303997993469238
13.309481620788574
13.314959526062012
13.320427894592285
13.316965103149414
13.319452285766602
13.321939468383789
13.324419975280762
13.32690143585205
13.326409339904785
13.325921058654785
13.325430870056152
13.324941635131836
13.324453353881836
13.321006774902344
13.314606666564941
13.308215141296387
13.304784774780273
13.30135726928711
13.297934532165527
13.291568756103516
13.3892822265625
13.394643783569336
13.397058486938477
13.399471282958984
13.40187931060791
13.401350021362305
13.400822639465332
13.397361755371094
13.396833419799805
13.393381118774414
13.389928817749023
13.386483192443848
13.383039474487305
13.376680374145508
13.370326042175293
13.363981246948242
13.35764217376709
13.351310729980469
13.344987869262695
13.338672637939453
13.382780075073242
13.376453399658203
13.370132446289062
13.363821983337402
13.35751724243164
13.351217269897461
13.344926834106445
13.338643074035645
13.332368850708008
13.326099395751953
13.31983757019043
13.313584327697754
13.30733585357666
13.35112476348877
13.344867706298828
13.338616371154785
13.332374572753906
13.326138496398926
13.319908142089844
13.31368637084961
13.307470321655273
13.301263809204102
13.295063018798828
13.288870811462402
13.282683372497559
13.276503562927246
13.270333290100098
13.264167785644531
13.25800895690918
13.30714225769043
13.300971984863281
13.294805526733398
13.28864860534668
13.28249740600586
13.27635383605957
13.270216941833496
13.264086723327637
13.257962226867676
13.251847267150879
13.306360244750977
13.300228118896484
13.294100761413574
13.287981986999512
13.281869888305664
13.275764465332031
13.269667625427246
13.263574600219727
13.257490158081055
13.251413345336914
13.245342254638672
13.239277839660645
13.233222007751465
13.227169036865234
13.221128463745117
13.21509075164795
13.209059715270996
13.203038215637207
13.197021484375
13.239753723144531
13.23372745513916
13.227706909179688
13.22169303894043
13.215686798095703
13.209687232971191
13.203694343566895
13.19770622253418
13.191728591918945
13.185754776000977
13.179787635803223
13.173829078674316
13.167876243591309
13.1619291305542
13.155989646911621
13.150055885314941
13.144129753112793
13.138209342956543
13.132296562194824
13.126388549804688
13.120487213134766
13.114595413208008
13.108708381652832
13.102826118469238
13.096952438354492
13.091085433959961
13.085225105285645
13.079368591308594
13.07352066040039
13.067679405212402
13.061843872070312
13.056015968322754
13.050192832946777
13.044378280639648
13.038568496704102
13.124656677246094
13.118812561035156
13.112974166870117
13.107145309448242
13.101318359375
13.095499992370605
13.089688301086426
13.083881378173828
13.078081130981445
13.130815505981445
13.135939598083496
13.157463073730469
13.199071884155273
13.243317604064941
13.24018383026123
13.23705768585205
13.233932495117188
13.23081111907959
13.227692604064941
13.224579811096191
13.221466064453125
13.21835994720459
13.215255737304688
13.212154388427734
13.20634651184082
13.203250885009766
13.197454452514648
13.194368362426758
13.19128704071045
13.18820858001709
13.185135841369629
13.179363250732422
13.176295280456543
13.173233032226562
13.170172691345215
13.167116165161133
13.1640625
13.161012649536133
13.157966613769531
13.15492057800293
13.15188217163086
13.148845672607422
13.145812034606934
13.142779350280762
13.139753341674805
13.13672924041748
13.133708000183105
13.174518585205078
13.168807029724121
13.163103103637695
13.157403945922852
13.151711463928223
13.146021842956543
13.140341758728027
13.13466739654541
13.128998756408691
13.123334884643555
13.11767864227295
13.112028121948242
13.106383323669434
13.100743293762207
13.095111846923828
13.089484214782715
13.08386516571045
13.078248977661133
13.072641372680664
13.067036628723145
13.14981460571289
13.178571701049805
13.199365615844727
13.21749496459961
13.211831092834473
13.259893417358398
13.256856918334961
13.253823280334473
13.256059646606445
13.255660057067871
13.252631187438965
13.246975898742676
13.334210395812988
13.373163223266602
13.40944766998291
13.443073272705078
13.474043846130371
13.468291282653809
13.462546348571777
13.456806182861328
13.451072692871094
13.445344924926758
13.439623832702637
13.433907508850098
13.428199768066406
13.422494888305664
13.416796684265137
13.411104202270508
13.405420303344727
13.399741172790527
13.39406681060791
13.388397216796875
13.382736206054688
13.377079010009766
13.371428489685059
13.365784645080566
13.360145568847656
13.354513168334961
13.348886489868164
13.343265533447266
13.337648391723633
13.332040786743164
13.326436042785645
13.320838928222656
13.365184783935547
13.359576225280762
13.353973388671875
13.348377227783203
13.34278392791748
13.337198257446289
13.376224517822266
13.370627403259277
13.365038871765137
13.359457015991211
13.353878021240234
13.348304748535156
53.750003814697266
38.33333206176758
30.625
25.0
21.25
18.571430206298828
16.5625
15.000000953674316
13.75
12.727272033691406
11.875000953674316
17.85714340209961
17.166667938232422
16.25
15.441176414489746
14.722222328186035
14.078948020935059
13.500000953674316
12.976190567016602
12.5
12.065217971801758
11.666667938232422
11.300000190734863
10.961538314819336
10.648147583007812
10.35714340209961
10.086206436157227
9.833333969116211
9.596774101257324
9.375
9.166666984558105
8.970587730407715
8.785714149475098
8.61111068725586
8.445945739746094
8.289474487304688
8.14102554321289
8.000000953674316
7.865853786468506
7.738094806671143
7.616278648376465
7.500000476837158
7.388888835906982
7.282608985900879
7.180850982666016
7.083333492279053
6.989795684814453
6.90000057220459
6.81372594833374
6.730769634246826
8.472222328186035
8.454545974731445
8.437500953674316
8.421052932739258
8.405172348022461
8.389829635620117
8.375
8.360655784606934
8.346774101257324
8.333333969116211
8.3203125
8.230770111083984
8.143939018249512
8.059701919555664
7.977941036224365
7.898550987243652
7.8214287757873535
7.746479034423828
7.673610687255859
7.602739334106445
7.53378438949585
7.466666221618652
7.401315689086914
7.337662696838379
7.275640964508057
7.2151899337768555
7.15625
7.098765850067139
7.042683124542236
6.987951755523682
6.934523582458496
6.882353782653809
6.831395626068115
6.781609535217285
6.732954978942871
6.685393333435059
6.638888835906982
6.593407154083252
6.54891300201416
8.085105895996094
8.3421049118042
8.4375
8.427834510803223
8.367347717285156
8.308080673217773
8.25
8.193068504333496
8.137255668640137
8.082524299621582
8.02884578704834
7.976190567016602
7.9245285987854
7.873831748962402
7.824073791503906
7.775229454040527
7.727272987365723
7.680180549621582
7.6339287757873535
7.588496208190918
7.543859481811523
7.500000476837158
7.4568963050842285
7.414530277252197
7.3728814125061035
7.33193302154541
7.2916669845581055
7.252065658569336
7.213114261627197
7.1747965812683105
8.040000915527344
7.996032238006592
7.952756404876709
7.91015625
7.8682169914245605
7.82692289352417
7.786259651184082
7.746212959289551
7.7067670822143555
7.667909622192383
7.629630088806152
7.591911315917969
7.554744243621826
7.518115520477295
7.4820146560668945
7.446428298950195
7.411347389221191
7.376760482788086
7.342657566070557
7.309027671813965
7.275862216949463
7.24315071105957
7.210883617401123
7.1790547370910645
7.147651195526123
7.116666316986084
7.086092948913574
7.0559210777282715
7.026143550872803
6.996753692626953
6.967741966247559
6.939102649688721
6.91082763671875
6.882911682128906
6.855346202850342
6.828125
6.801242351531982
6.774691581726074
6.7484660148620605
7.590908527374268
7.710842609405518
7.769462585449219
7.767857551574707
7.736686706542969
7.7058820724487305
7.67543888092041
7.64534854888916
7.615606307983398
7.586206436157227
7.557142734527588
8.587571144104004
8.637639999389648
8.687150955200195
8.736111640930176
8.895027160644531
9.079670906066895
9.23497200012207
9.36141300201416
9.838709831237793
9.933155059814453
10.026596069335938
10.013227462768555
10.078948020935059
10.065444946289062
10.15625
10.142487525939941
10.128866195678711
10.115385055541992
10.102041244506836
10.08883285522461
10.07575798034668
10.06281566619873
10.050000190734863
10.037313461303711
10.467979431152344
10.526961326599121
10.512194633483887
10.497572898864746
10.531401634216309
10.54086685180664
10.526315689086914
10.5119047164917
10.497629165649414
10.459905624389648
10.42253589630127
10.385513305664062
11.041666984558105
11.186635971069336
11.284403800964355
11.312785148620605
11.272727966308594
11.2330322265625
11.193694114685059
11.154709815979004
11.116071701049805
11.077776908874512
11.039823532104492
11.002202033996582
10.964912414550781
10.927947998046875
10.891304016113281
10.854978561401367
10.818964958190918
10.783262252807617
10.74786376953125
10.71276569366455
10.67796516418457
10.643460273742676
10.609243392944336
10.575313568115234
10.541666984558105
10.508298873901367
10.47520637512207
10.44238567352295
10.409834861755371
10.37755012512207
10.708501815795898
10.675402641296387
10.642570495605469
10.609999656677246
10.577689170837402
10.545635223388672
10.513834953308105
10.482282638549805
10.450981140136719
10.419921875
10.389104843139648
10.358527183532715
10.826923370361328
10.852490425109863
10.820611000061035
10.788973808288574
10.757576942443848
10.726415634155273
10.695488929748535
10.664793968200684
10.634328842163086
10.604089736938477
10.574074745178223
10.544281005859375
10.5147066116333
10.485347747802734
10.456204414367676
10.42727279663086
10.740073204040527
10.728418350219727
10.716845512390137
10.70535659790039
10.71174430847168
10.700353622436523
10.706713676452637
10.695423126220703
10.701753616333008
10.690559387207031
10.66202163696289
10.651041984558105
10.657440185546875
10.646552085876465
10.652920722961426
10.642123222351074
10.631399154663086
10.603741645812988
10.593221664428711
10.582771301269531
10.55555534362793
10.528524398803711
10.816667556762695
10.805647850036621
10.794702529907227
10.833333015441895
10.822369575500488
10.811474800109863
10.800653457641602
10.789900779724121
10.795454978942871
10.7847900390625
10.77419376373291
10.763666152954102
10.753207206726074
10.742812156677246
10.732484817504883
10.722222328186035
10.71202564239502
10.701892852783203
10.691823959350586
10.681818008422852
10.671875953674316
10.661993980407715
10.652174949645996
10.642415046691895
10.648148536682129
10.65384578704834
10.659509658813477
10.665138244628906
10.670731544494629
10.946968078613281
10.936556816101074
10.926203727722168
10.930931091308594
10.920659065246582
10.91044807434082
10.900298118591309
10.89020824432373
10.88017749786377
10.870206832885742
10.860294342041016
10.85044002532959
10.840643882751465
10.830904960632324
10.821221351623535
10.811594009399414
10.802022933959961
10.792505264282227
10.79741382598877
10.802292823791504
10.821429252624512
10.826210975646973
10.81676197052002
10.807364463806152
10.798023223876953
10.774648666381836
10.751405715942383
10.728291511535645
10.705307006835938
10.682451248168945
10.659721374511719
10.883976936340332
10.860881805419922
10.837912559509277
10.815069198608398
10.792350769042969
10.769754409790039
10.747283935546875
10.724931716918945
10.702702522277832
10.68059253692627
10.658602714538574
10.63672924041748
10.614974021911621
10.593332290649414
10.571808815002441
10.550397872924805
10.52910041809082
10.507915496826172
10.734908103942871
10.7264404296875
10.718016624450684
10.709636688232422
10.701298713684082
10.705958366394043
10.710594177246094
10.702319145202637
10.694087028503418
10.698718070983887
10.690537452697754
10.682397842407227
10.674301147460938
10.666243553161621
10.645569801330566
10.637626647949219
10.617128372192383
10.596733093261719
10.576441764831543
11.016209602355957
11.231342315673828
11.271713256835938
11.311882019042969
11.351852416992188
11.39162540435791
11.431203842163086
11.470588684082031
11.509780883789062
11.560976028442383
11.6240873336792
11.686893463134766
11.72518253326416
11.727052688598633
11.728915214538574
11.718750953674316
11.720624923706055
11.698564529418945
11.676610946655273
11.654763221740723
11.633017539978027
11.611373901367188
11.589834213256836
11.568397521972656
11.547059059143066
11.525822639465332
11.504683494567871
11.483644485473633
11.4627046585083
11.441859245300293
11.421113014221191
11.400463104248047
11.379907608032227
11.359448432922363
11.339080810546875
11.659038543701172
11.683789253234863
11.685649871826172
11.676136016845703
11.655328750610352
11.63461685180664
11.613995552062988
11.593469619750977
11.573034286499023
11.552690505981445
11.532438278198242
11.512277603149414
11.492204666137695
11.884700775146484
12.079646110534668
12.102649688720703
12.103525161743164
12.137362480163574
12.127192497253418
12.149890899658203
12.505446434020996
12.679347038269043
12.809111595153809
12.895020484924316
12.958963394165039
13.333333969116211
13.495718002319336
13.472223281860352
13.448826789855957
13.425532341003418
13.402337074279785
13.379237174987793
13.356237411499023
13.333332061767578
13.310524940490723
13.28781509399414
13.265198707580566
13.242676734924316
13.22025203704834
13.197917938232422
13.418049812316895
13.457557678222656
13.496899604797363
13.53608226776123
13.585391998291016
13.634498596191406
13.652663230895996
13.691205978393555
13.71938705444336
13.757638931274414
13.765242576599121
13.78296184539795
13.800609588623047
13.828283309936523
13.845766067504883
13.853117942810059
13.870482444763184
13.897797584533691
13.92500114440918
13.942116737365723
13.979083061218262
14.005963325500488
14.022818565368652
14.049506187438965
14.066205978393555
14.09270191192627
14.119095802307129
14.135560035705566
14.151962280273438
14.178082466125488
14.1650390625
14.191034317016602
14.207199096679688
14.22330093383789
14.239340782165527
14.255319595336914
14.271235466003418
14.287090301513672
14.601726531982422
14.731800079345703
14.842255592346191
14.952289581298828
15.05238151550293
15.171103477478027
15.317837715148926
15.435606002807617
15.562382698059082
15.688679695129395
15.81450080871582
15.921052932739258
16.027204513549805
16.142322540283203
16.247663497924805
16.361940383911133
16.475791931152344
16.589218139648438
16.702226638793945
16.805557250976562
16.908504486083984
17.00184440612793
17.094844818115234
17.23853302001953
17.21154022216797
17.18464469909668
17.157846450805664
17.131147384643555
17.10454559326172
17.078039169311523
17.051631927490234
17.02531623840332
16.999095916748047
16.972972869873047
16.946941375732422
16.921005249023438
16.895160675048828
16.86941146850586
16.84375
16.818180084228516
16.792705535888672
16.767318725585938
16.742021560668945
16.71681022644043
16.691696166992188
16.666667938232422
16.6417236328125
16.616872787475586
16.592105865478516
16.567426681518555
16.542831420898438
16.51832389831543
16.4939022064209
16.46956443786621
16.4453125
16.421144485473633
16.397058486938477
16.373058319091797
16.349136352539062
16.325300216674805
16.301546096801758
16.277873992919922
16.397438049316406
16.373720169067383
16.35008430480957
16.32653045654297
16.303056716918945
16.279661178588867
16.256343841552734
16.233108520507812
16.209949493408203
16.18686866760254
16.163864135742188
16.140941619873047
16.11808967590332
16.095317840576172
16.072620391845703
16.05000114440918
16.027454376220703
16.004981994628906
15.982585906982422
15.960264205932617
15.938016891479492
15.915842056274414
15.893739700317383
15.871709823608398
15.849754333496094
15.82787036895752
15.806055068969727
15.784314155578613
15.762643814086914
15.74104118347168
15.719511985778809
15.698051452636719
15.676660537719727
15.655338287353516
15.634088516235352
15.612903594970703
15.591788291931152
15.714285850524902
15.70112133026123
15.688000679016113
15.674919128417969
15.661883354187012
15.648884773254395
15.635930061340332
15.623016357421875
15.610143661499023
15.597311019897461
15.584519386291504
15.595427513122559
15.60629940032959
15.593552589416504
15.58869743347168
15.576018333435059
15.56338119506836
15.550783157348633
15.53822135925293
15.525701522827148
15.51322078704834
15.508541107177734
15.496126174926758
15.483745574951172
15.471405982971191
15.459105491638184
15.446842193603516
15.442307472229004
15.453149795532227
15.448620796203613
15.436448097229004
15.447248458862305
15.435114860534668
15.423017501831055
15.410958290100098
15.39893627166748
15.386951446533203
15.382574081420898
15.370652198791504
15.486425399780273
15.496987342834473
96.25
94.99999237060547
94.375
93.99999237060547
92.91666412353516
92.14285278320312
90.3125
87.22222137451172
85.25
84.09090423583984
83.12499237060547
82.30769348144531
81.60714721679688
81.0
80.78125
80.5882339477539
79.02777862548828
78.68421173095703
77.375
76.66666412353516
76.25000762939453
76.08695983886719
75.72916412353516
75.60000610351562
75.67308044433594
75.18518829345703
74.375
72.5862045288086
72.58333587646484
72.58065032958984
71.17188262939453
69.8484878540039
68.60294342041016
66.71428680419922
64.93055725097656
63.243247985839844
65.06410217285156
65.875
66.6463394165039
67.44047546386719
68.19767761230469
68.86363983154297
69.16667175292969
69.13043212890625
68.88298034667969
68.64583587646484
68.41836547851562
68.20000457763672
68.186279296875
68.26923370361328
68.34906005859375
68.33333587646484
68.22726440429688
68.03572082519531
67.7631607055664
67.4137954711914
67.0762710571289
66.75
66.43443298339844
66.04838562011719
65.67460632324219
65.3125
64.96154022216797
64.39393615722656
65.40441131591797
65.86956787109375
66.3214340209961
66.76056671142578
67.1875
67.60274505615234
67.87162780761719
68.06666564941406
68.32237243652344
68.63636016845703
68.87821197509766
69.0506362915039
69.15625
69.25926208496094
69.29877471923828
69.33734893798828
69.31547546386719
69.29412078857422
69.27325439453125
69.25287628173828
69.23295593261719
69.21348571777344
69.25000762939453
69.28571319580078
69.375
69.46236419677734
69.54786682128906
69.63158416748047
69.66146087646484
69.69071960449219
69.7704086303711
69.74747467041016
69.67499542236328
69.60395812988281
69.53431701660156
69.46601867675781
69.39903259277344
69.28571319580078
69.17453002929688
69.6759262084961
69.83944702148438
69.95453643798828
69.61711883544922
69.24107360839844
68.87167358398438
68.72807312011719
68.76087188720703
68.6637954711914
68.61111450195312
68.559326171875
68.50840759277344
68.50000762939453
68.49172973632812
68.36064910888672
68.02845001220703
68.02418518066406
67.7800064086914
67.77778625488281
67.8149642944336
67.46094512939453
67.15116882324219
67.11538696289062
66.96565246582031
66.74241638183594
66.4849624633789
66.19403076171875
65.94444274902344
65.625
65.31021881103516
65.25362396240234
65.19784545898438
64.92857360839844
64.87588500976562
64.82394409179688
64.59790802001953
64.62068939208984
64.36643981933594
64.11564636230469
63.93581771850586
63.758392333984375
63.58333206176758
63.41059112548828
63.27302551269531
63.13725662231445
62.97077941894531
62.83871078491211
62.70832824707031
62.579620361328125
62.45252990722656
62.295597076416016
62.140625
61.987579345703125
61.836421966552734
61.71778869628906
61.63109588623047
62.01807403564453
62.110782623291016
62.2023811340332
62.322486877441406
62.411766052246094
62.47075653076172
62.122093200683594
61.777462005615234
61.43678283691406
61.100006103515625
60.76704788208008
60.43785095214844
60.112361907958984
59.790504455566406
59.47222900390625
59.1574592590332
58.846153259277344
58.53825378417969
58.23369598388672
57.932437896728516
57.63441467285156
57.33957290649414
57.04786682128906
56.75926208496094
56.47368621826172
56.191097259521484
55.91145706176758
55.63471221923828
55.36082458496094
55.08974838256836
54.82142639160156
54.55583190917969
54.292930603027344
54.03266525268555
53.775001525878906
53.5198974609375
53.2673225402832
53.321083068847656
53.07316589355469
52.827667236328125
52.58454132080078
81.25
66.66667175292969
55.624996185302734
47.0
39.583335876464844
34.28571319580078
30.312501907348633
27.22222137451172
24.75
22.727275848388672
21.041667938232422
29.64285659790039
28.500001907348633
26.875001907348633
25.441179275512695
24.166667938232422
23.026315689086914
22.0
21.071428298950195
20.22727394104004
19.45652198791504
18.75
18.099998474121094
17.500001907348633
16.94444465637207
16.428571701049805
15.948274612426758
15.500001907348633
15.080645561218262
14.687499046325684
14.318182945251465
13.970587730407715
13.642857551574707
13.333333969116211
13.040542602539062
12.763157844543457
12.5
12.25
12.01219367980957
11.785714149475098
11.569766998291016
11.363637924194336
11.166666030883789
10.97826099395752
10.797871589660645
10.625
10.459182739257812
10.299999237060547
10.147058486938477
10.0
13.009259223937988
14.272727012634277
15.580357551574707
16.666667938232422
17.80172348022461
18.72881317138672
19.541667938232422
20.1639347076416
20.60483741760254
20.873018264770508
20.976564407348633
20.923078536987305
20.643939971923828
20.37313461303711
20.110294342041016
19.855073928833008
19.60714340209961
19.36619758605957
19.13194465637207
18.904109954833984
18.682432174682617
18.46666717529297
18.25657844543457
18.05194854736328
17.852563858032227
17.658227920532227
17.46875
17.28394889831543
17.10365867614746
16.927711486816406
16.755952835083008
16.588233947753906
16.424419403076172
16.264366149902344
16.107955932617188
15.955055236816406
15.805556297302246
15.659340858459473
15.516304969787598
16.86170196533203
17.026317596435547
17.031251907348633
16.9329891204834
16.78571319580078
16.641414642333984
16.5
16.361385345458984
16.22549057006836
16.092233657836914
15.961540222167969
15.833333015441895
15.70754623413086
15.584111213684082
15.46296501159668
15.344036102294922
15.227272033691406
15.1126127243042
15.000000953674316
14.88938045501709
14.7807035446167
14.673912048339844
14.56896686553955
14.465811729431152
14.36440658569336
14.264705657958984
14.166667938232422
14.070246696472168
13.975410461425781
13.882112503051758
14.840001106262207
14.742064476013184
14.645669937133789
14.55078125
14.457364082336426
14.365385055541992
14.274809837341309
14.18560791015625
14.09774398803711
14.011195182800293
13.925925254821777
13.841912269592285
13.759124755859375
13.67753791809082
13.597123146057129
13.517858505249023
13.439718246459961
13.362675666809082
13.286712646484375
13.211806297302246
13.137930870056152
13.065068244934082
12.993197441101074
12.922298431396484
12.852350234985352
12.783333778381348
12.715232849121094
12.648026466369629
12.581700325012207
12.516233444213867
12.45161247253418
12.387822151184082
12.324841499328613
12.26265811920166
12.201257705688477
12.140625
12.080745697021484
12.021605491638184
11.963190078735352
12.742424011230469
12.83132553100586
12.859281539916992
12.827381134033203
12.766271591186523
12.705883026123047
12.646198272705078
12.587210655212402
12.528902053833008
12.471264839172363
12.414285659790039
13.389830589294434
13.412922859191895
13.43575382232666
13.458333969116211
13.86740493774414
14.326924324035645
14.781421661376953
15.230978965759277
16.075267791748047
16.430482864379883
16.75531768798828
17.050262451171875
17.342105865478516
17.604711532592773
17.60416603088379
17.629533767700195
17.654640197753906
17.628204345703125
17.806121826171875
17.779186248779297
17.752525329589844
17.72612953186035
17.700000762939453
17.674129486083984
18.34975242614746
18.370100021362305
18.658536911010742
18.919902801513672
19.130435943603516
19.17067527770996
19.186601638793945
19.178571701049805
19.14691925048828
19.068397521972656
18.990610122680664
18.93691635131836
19.51388931274414
19.619815826416016
19.678897857666016
19.668949127197266
19.59090805053711
19.51357650756836
19.43693733215332
19.360986709594727
19.285715103149414
19.21111297607422
19.137168884277344
19.063875198364258
18.991228103637695
18.919214248657227
18.847824096679688
18.777057647705078
18.706897735595703
18.637340545654297
18.568376541137695
18.5
18.43220329284668
18.364978790283203
18.298320770263672
18.232215881347656
18.166667938232422
18.101661682128906
18.037187576293945
17.973249435424805
17.909835815429688
17.84693717956543
18.11741065979004
18.054433822631836
17.991968154907227
17.93000030517578
17.868526458740234
17.807540893554688
