tensor([1.0000, 0.2162, 0.2162, 0.2162, 0.1892, 0.0270, 0.0270, 0.0270, 0.0270,
        0.0270, 0.0270, 0.0270, 0.0270, 0.0270, 0.0270, 0.0270, 0.0270, 0.0270,
        0.0270, 0.0270, 0.0270], device='cuda:0')
tensor([1.0000, 0.3030, 0.2576, 0.2273, 0.1212, 0.0303, 0.0303, 0.0303, 0.0303,
        0.0303, 0.0303, 0.0303, 0.0303, 0.0303, 0.0303, 0.0303, 0.0303, 0.0303,
        0.0303, 0.0303, 0.0303], device='cuda:0')
tensor([1.0000, 0.2925, 0.2547, 0.2358, 0.1698, 0.1132, 0.1038, 0.0849, 0.0283,
        0.0283, 0.0283, 0.0283, 0.0283, 0.0283, 0.0283, 0.0283, 0.0283, 0.0283,
        0.0283, 0.0283, 0.0283], device='cuda:0')
tensor([1.0000, 0.4755, 0.3636, 0.2448, 0.1329, 0.0909, 0.0839, 0.0699, 0.0280,
        0.0280, 0.0280, 0.0280, 0.0280, 0.0280, 0.0280, 0.0280, 0.0280, 0.0280,
        0.0280, 0.0280, 0.0280], device='cuda:0')
tensor([1.0000, 0.5305, 0.3354, 0.2195, 0.1220, 0.0854, 0.0793, 0.0671, 0.0305,
        0.0305, 0.0305, 0.0305, 0.0305, 0.0305, 0.0305, 0.0305, 0.0305, 0.0305,
        0.0305, 0.0305, 0.0305], device='cuda:0')
tensor([1.0000, 0.4356, 0.2772, 0.1832, 0.1040, 0.0743, 0.0693, 0.0594, 0.0297,
        0.0297, 0.0297, 0.0297, 0.0297, 0.0297, 0.0297, 0.0297, 0.0297, 0.0297,
        0.0297, 0.0297, 0.0297], device='cuda:0')
tensor([1.0000, 0.4306, 0.2775, 0.1866, 0.1053, 0.0766, 0.0718, 0.0622, 0.0335,
        0.0335, 0.0335, 0.0335, 0.0335, 0.0335, 0.0335, 0.0335, 0.0335, 0.0335,
        0.0335, 0.0335, 0.0335], device='cuda:0')
tensor([1.0000, 0.5182, 0.3036, 0.1862, 0.0931, 0.0688, 0.0648, 0.0567, 0.0324,
        0.0324, 0.0324, 0.0324, 0.0324, 0.0324, 0.0324, 0.0324, 0.0324, 0.0324,
        0.0324, 0.0324, 0.0324], device='cuda:0')
tensor([1.0000, 0.4667, 0.2667, 0.1649, 0.0842, 0.0632, 0.0596, 0.0526, 0.0316,
        0.0316, 0.0316, 0.0316, 0.0316, 0.0316, 0.0316, 0.0316, 0.0316, 0.0316,
        0.0316, 0.0316, 0.0316], device='cuda:0')
tensor([1.0000, 0.4637, 0.2664, 0.1661, 0.0865, 0.0657, 0.0623, 0.0554, 0.0346,
        0.0346, 0.0346, 0.0346, 0.0346, 0.0346, 0.0346, 0.0346, 0.0346, 0.0346,
        0.0346, 0.0346, 0.0346], device='cuda:0')
tensor([1.0000, 0.4128, 0.2385, 0.1498, 0.0795, 0.0612, 0.0581, 0.0520, 0.0336,
        0.0336, 0.0336, 0.0336, 0.0336, 0.0336, 0.0336, 0.0336, 0.0336, 0.0336,
        0.0336, 0.0336, 0.0336], device='cuda:0')
tensor([1.0000, 0.3878, 0.2188, 0.1385, 0.0748, 0.0582, 0.0554, 0.0499, 0.0332,
        0.0332, 0.0332, 0.0332, 0.0332, 0.0332, 0.0332, 0.0332, 0.0332, 0.0332,
        0.0332, 0.0332, 0.0332], device='cuda:0')
tensor([1.0000, 0.3782, 0.2030, 0.1294, 0.0711, 0.0558, 0.0533, 0.0482, 0.0330,
        0.0330, 0.0330, 0.0330, 0.0330, 0.0330, 0.0330, 0.0330, 0.0330, 0.0330,
        0.0330, 0.0330, 0.0330], device='cuda:0')
tensor([1.0000, 0.3769, 0.2035, 0.1307, 0.0729, 0.0578, 0.0553, 0.0503, 0.0352,
        0.0352, 0.0352, 0.0352, 0.0352, 0.0352, 0.0352, 0.0352, 0.0352, 0.0352,
        0.0352, 0.0352, 0.0352], device='cuda:0')
tensor([1.0000, 0.3638, 0.1876, 0.1213, 0.0686, 0.0549, 0.0526, 0.0481, 0.0343,
        0.0343, 0.0343, 0.0343, 0.0343, 0.0343, 0.0343, 0.0343, 0.0343, 0.0343,
        0.0343, 0.0343, 0.0343], device='cuda:0')
tensor([1.0000, 0.4098, 0.2081, 0.1168, 0.0658, 0.0531, 0.0510, 0.0467, 0.0340,
        0.0340, 0.0340, 0.0340, 0.0340, 0.0340, 0.0340, 0.0340, 0.0340, 0.0340,
        0.0340, 0.0340, 0.0340], device='cuda:0')
tensor([1.0000, 0.4036, 0.2129, 0.1265, 0.0783, 0.0663, 0.0643, 0.0602, 0.0482,
        0.0482, 0.0482, 0.0482, 0.0462, 0.0442, 0.0422, 0.0402, 0.0382, 0.0361,
        0.0361, 0.0341, 0.0341], device='cuda:0')
tensor([1.0000, 0.4084, 0.2191, 0.1335, 0.0837, 0.0717, 0.0677, 0.0637, 0.0498,
        0.0498, 0.0498, 0.0498, 0.0478, 0.0458, 0.0438, 0.0418, 0.0398, 0.0378,
        0.0378, 0.0359, 0.0359], device='cuda:0')
tensor([1.0000, 0.3973, 0.2167, 0.1350, 0.0875, 0.0741, 0.0684, 0.0627, 0.0494,
        0.0494, 0.0494, 0.0494, 0.0475, 0.0456, 0.0437, 0.0418, 0.0399, 0.0380,
        0.0380, 0.0361, 0.0361], device='cuda:0')
tensor([1.0000, 0.3750, 0.2054, 0.1286, 0.0839, 0.0714, 0.0661, 0.0607, 0.0482,
        0.0482, 0.0482, 0.0482, 0.0464, 0.0446, 0.0429, 0.0411, 0.0393, 0.0375,
        0.0375, 0.0357, 0.0357], device='cuda:0')
tensor([1.0000, 0.3710, 0.1956, 0.1231, 0.0809, 0.0691, 0.0641, 0.0590, 0.0472,
        0.0472, 0.0472, 0.0472, 0.0455, 0.0438, 0.0422, 0.0405, 0.0388, 0.0371,
        0.0371, 0.0354, 0.0354], device='cuda:0')
tensor([1.0000, 0.4066, 0.2120, 0.1297, 0.0775, 0.0665, 0.0617, 0.0570, 0.0459,
        0.0459, 0.0459, 0.0459, 0.0443, 0.0427, 0.0411, 0.0396, 0.0380, 0.0364,
        0.0364, 0.0348, 0.0348], device='cuda:0')
tensor([1.0000, 0.4288, 0.2182, 0.1258, 0.0758, 0.0652, 0.0606, 0.0561, 0.0455,
        0.0455, 0.0455, 0.0455, 0.0439, 0.0424, 0.0409, 0.0394, 0.0379, 0.0364,
        0.0364, 0.0348, 0.0348], device='cuda:0')
tensor([1.0000, 0.4180, 0.2163, 0.1263, 0.0784, 0.0653, 0.0610, 0.0552, 0.0450,
        0.0450, 0.0450, 0.0450, 0.0435, 0.0421, 0.0406, 0.0392, 0.0377, 0.0363,
        0.0363, 0.0348, 0.0348], device='cuda:0')
tensor([1.0000, 0.4499, 0.2593, 0.1742, 0.1289, 0.1139, 0.0782, 0.0604, 0.0466,
        0.0439, 0.0439, 0.0439, 0.0425, 0.0412, 0.0398, 0.0384, 0.0370, 0.0357,
        0.0357, 0.0343, 0.0343], device='cuda:0')
tensor([1.0000, 0.4740, 0.2630, 0.1667, 0.1237, 0.1094, 0.0755, 0.0586, 0.0456,
        0.0430, 0.0430, 0.0430, 0.0417, 0.0404, 0.0391, 0.0378, 0.0365, 0.0352,
        0.0352, 0.0339, 0.0339], device='cuda:0')
tensor([1.0000, 0.4901, 0.2550, 0.1597, 0.1188, 0.1052, 0.0730, 0.0569, 0.0446,
        0.0421, 0.0421, 0.0421, 0.0408, 0.0396, 0.0384, 0.0371, 0.0359, 0.0347,
        0.0347, 0.0334, 0.0334], device='cuda:0')
tensor([1.0000, 0.4994, 0.2685, 0.1738, 0.1324, 0.1179, 0.0851, 0.0632, 0.0462,
        0.0425, 0.0425, 0.0425, 0.0413, 0.0401, 0.0389, 0.0377, 0.0365, 0.0352,
        0.0352, 0.0340, 0.0340], device='cuda:0')
tensor([1.0000, 0.5099, 0.2822, 0.1847, 0.1278, 0.1138, 0.0825, 0.0616, 0.0453,
        0.0418, 0.0418, 0.0418, 0.0407, 0.0395, 0.0383, 0.0372, 0.0360, 0.0348,
        0.0348, 0.0337, 0.0337], device='cuda:0')
tensor([1.0000, 0.5022, 0.2722, 0.1789, 0.1244, 0.1111, 0.0800, 0.0600, 0.0444,
        0.0411, 0.0411, 0.0411, 0.0400, 0.0389, 0.0378, 0.0367, 0.0356, 0.0344,
        0.0344, 0.0333, 0.0333], device='cuda:0')
tensor([1.0000, 0.5028, 0.2718, 0.1790, 0.1249, 0.1116, 0.0807, 0.0608, 0.0453,
        0.0420, 0.0420, 0.0420, 0.0409, 0.0398, 0.0387, 0.0376, 0.0365, 0.0354,
        0.0354, 0.0343, 0.0343], device='cuda:0')
tensor([1.0000, 0.5145, 0.2745, 0.1755, 0.1227, 0.1098, 0.0797, 0.0603, 0.0452,
        0.0420, 0.0420, 0.0420, 0.0409, 0.0398, 0.0388, 0.0377, 0.0366, 0.0355,
        0.0355, 0.0344, 0.0344], device='cuda:0')
tensor([1.0000, 0.5217, 0.2853, 0.1877, 0.1357, 0.1230, 0.0912, 0.0700, 0.0541,
        0.0488, 0.0456, 0.0435, 0.0414, 0.0403, 0.0392, 0.0382, 0.0371, 0.0361,
        0.0361, 0.0350, 0.0350], device='cuda:0')
tensor([1.0000, 0.5141, 0.2815, 0.1856, 0.1345, 0.1220, 0.0907, 0.0699, 0.0542,
        0.0490, 0.0459, 0.0438, 0.0417, 0.0407, 0.0396, 0.0386, 0.0375, 0.0365,
        0.0365, 0.0355, 0.0355], device='cuda:0')
tensor([1.0000, 0.5117, 0.2828, 0.1882, 0.1373, 0.1241, 0.0926, 0.0712, 0.0549,
        0.0498, 0.0468, 0.0448, 0.0427, 0.0417, 0.0407, 0.0397, 0.0387, 0.0376,
        0.0366, 0.0356, 0.0356], device='cuda:0')
tensor([1.0000, 0.5114, 0.2868, 0.1939, 0.1405, 0.1276, 0.0950, 0.0722, 0.0564,
        0.0504, 0.0475, 0.0455, 0.0435, 0.0425, 0.0415, 0.0406, 0.0396, 0.0376,
        0.0366, 0.0356, 0.0356], device='cuda:0')
tensor([1.0000, 0.5146, 0.2924, 0.1969, 0.1423, 0.1277, 0.0955, 0.0721, 0.0565,
        0.0507, 0.0478, 0.0458, 0.0439, 0.0429, 0.0419, 0.0409, 0.0400, 0.0380,
        0.0370, 0.0361, 0.0361], device='cuda:0')
tensor([1.0000, 0.5190, 0.2966, 0.1949, 0.1416, 0.1264, 0.0941, 0.0713, 0.0561,
        0.0504, 0.0475, 0.0456, 0.0437, 0.0428, 0.0418, 0.0409, 0.0399, 0.0380,
        0.0371, 0.0361, 0.0361], device='cuda:0')
tensor([1.0000, 0.5138, 0.2887, 0.1900, 0.1384, 0.1236, 0.0923, 0.0701, 0.0554,
        0.0498, 0.0470, 0.0452, 0.0434, 0.0424, 0.0415, 0.0406, 0.0397, 0.0378,
        0.0369, 0.0360, 0.0360], device='cuda:0')
tensor([1.0000, 0.5100, 0.2874, 0.1898, 0.1387, 0.1241, 0.0931, 0.0712, 0.0566,
        0.0511, 0.0484, 0.0465, 0.0447, 0.0438, 0.0429, 0.0420, 0.0411, 0.0383,
        0.0374, 0.0365, 0.0365], device='cuda:0')
tensor([1.0000, 0.5013, 0.2841, 0.1888, 0.1389, 0.1247, 0.0944, 0.0730, 0.0588,
        0.0534, 0.0508, 0.0490, 0.0472, 0.0463, 0.0454, 0.0445, 0.0436, 0.0401,
        0.0383, 0.0365, 0.0365], device='cuda:0')
tensor([1.0000, 0.5009, 0.2826, 0.1852, 0.1365, 0.1226, 0.0930, 0.0722, 0.0583,
        0.0530, 0.0504, 0.0487, 0.0470, 0.0461, 0.0452, 0.0443, 0.0435, 0.0400,
        0.0383, 0.0365, 0.0365], device='cuda:0')
tensor([1.0000, 0.4996, 0.2823, 0.1853, 0.1368, 0.1229, 0.0935, 0.0727, 0.0589,
        0.0537, 0.0511, 0.0494, 0.0476, 0.0468, 0.0459, 0.0450, 0.0442, 0.0407,
        0.0390, 0.0372, 0.0372], device='cuda:0')
tensor([1.0000, 0.4949, 0.2811, 0.1857, 0.1380, 0.1244, 0.0954, 0.0750, 0.0613,
        0.0562, 0.0537, 0.0520, 0.0503, 0.0494, 0.0486, 0.0477, 0.0468, 0.0434,
        0.0417, 0.0400, 0.0375], device='cuda:0')
tensor([1.0000, 0.4855, 0.2772, 0.1842, 0.1378, 0.1245, 0.0963, 0.0763, 0.0631,
        0.0581, 0.0556, 0.0539, 0.0523, 0.0515, 0.0506, 0.0498, 0.0490, 0.0456,
        0.0440, 0.0423, 0.0382], device='cuda:0')
tensor([1.0000, 0.4831, 0.2762, 0.1838, 0.1377, 0.1245, 0.0965, 0.0767, 0.0635,
        0.0585, 0.0561, 0.0544, 0.0528, 0.0519, 0.0511, 0.0503, 0.0495, 0.0462,
        0.0445, 0.0429, 0.0387], device='cuda:0')
tensor([1.0000, 0.4935, 0.2795, 0.1834, 0.1365, 0.1228, 0.0953, 0.0759, 0.0630,
        0.0582, 0.0557, 0.0541, 0.0525, 0.0517, 0.0509, 0.0501, 0.0493, 0.0460,
        0.0444, 0.0428, 0.0388], device='cuda:0')
tensor([1.0000, 0.4896, 0.2776, 0.1824, 0.1360, 0.1224, 0.0952, 0.0760, 0.0632,
        0.0584, 0.0560, 0.0544, 0.0528, 0.0520, 0.0512, 0.0504, 0.0496, 0.0464,
        0.0448, 0.0432, 0.0392], device='cuda:0')
tensor([1.0000, 0.4892, 0.2777, 0.1828, 0.1365, 0.1229, 0.0958, 0.0766, 0.0638,
        0.0591, 0.0567, 0.0551, 0.0535, 0.0527, 0.0519, 0.0511, 0.0503, 0.0471,
        0.0455, 0.0439, 0.0399], device='cuda:0')
tensor([1.0000, 0.4892, 0.2781, 0.1833, 0.1371, 0.1235, 0.0964, 0.0773, 0.0645,
        0.0598, 0.0574, 0.0558, 0.0542, 0.0534, 0.0526, 0.0518, 0.0510, 0.0478,
        0.0462, 0.0446, 0.0406], device='cuda:0')
tensor([1.0000, 0.4881, 0.2778, 0.1833, 0.1373, 0.1238, 0.0968, 0.0778, 0.0651,
        0.0603, 0.0579, 0.0563, 0.0548, 0.0540, 0.0532, 0.0524, 0.0516, 0.0484,
        0.0468, 0.0452, 0.0413], device='cuda:0')
tensor([1.0000, 0.4833, 0.2755, 0.1805, 0.1354, 0.1222, 0.0957, 0.0770, 0.0646,
        0.0599, 0.0576, 0.0560, 0.0545, 0.0537, 0.0529, 0.0521, 0.0514, 0.0482,
        0.0467, 0.0451, 0.0412], device='cuda:0')
tensor([1.0000, 0.4820, 0.2750, 0.1795, 0.1345, 0.1207, 0.0947, 0.0764, 0.0642,
        0.0596, 0.0573, 0.0558, 0.0542, 0.0535, 0.0527, 0.0519, 0.0512, 0.0481,
        0.0466, 0.0451, 0.0413], device='cuda:0')
tensor([1.0000, 0.4824, 0.2783, 0.1838, 0.1388, 0.1245, 0.0990, 0.0803, 0.0668,
        0.0623, 0.0593, 0.0570, 0.0555, 0.0548, 0.0525, 0.0518, 0.0510, 0.0480,
        0.0465, 0.0450, 0.0413], device='cuda:0')
tensor([1.0000, 0.4807, 0.2778, 0.1830, 0.1378, 0.1237, 0.0985, 0.0800, 0.0667,
        0.0622, 0.0593, 0.0570, 0.0556, 0.0548, 0.0526, 0.0519, 0.0511, 0.0481,
        0.0467, 0.0452, 0.0415], device='cuda:0')
tensor([1.0000, 0.4906, 0.2871, 0.1911, 0.1461, 0.1315, 0.1047, 0.0858, 0.0727,
        0.0676, 0.0640, 0.0618, 0.0589, 0.0574, 0.0545, 0.0531, 0.0509, 0.0480,
        0.0465, 0.0451, 0.0414], device='cuda:0')
tensor([1.0000, 0.4868, 0.2851, 0.1903, 0.1447, 0.1297, 0.1033, 0.0848, 0.0720,
        0.0670, 0.0634, 0.0613, 0.0584, 0.0570, 0.0542, 0.0527, 0.0506, 0.0478,
        0.0463, 0.0449, 0.0413], device='cuda:0')
tensor([1.0000, 0.4848, 0.2845, 0.1904, 0.1451, 0.1295, 0.1033, 0.0849, 0.0722,
        0.0672, 0.0637, 0.0616, 0.0587, 0.0573, 0.0545, 0.0531, 0.0510, 0.0481,
        0.0467, 0.0453, 0.0418], device='cuda:0')
tensor([1.0000, 0.4781, 0.2811, 0.1879, 0.1434, 0.1280, 0.1023, 0.0842, 0.0717,
        0.0668, 0.0633, 0.0612, 0.0585, 0.0571, 0.0543, 0.0529, 0.0508, 0.0480,
        0.0466, 0.0452, 0.0418], device='cuda:0')
tensor([1.0000, 0.4808, 0.2840, 0.1900, 0.1447, 0.1296, 0.1043, 0.0857, 0.0734,
        0.0686, 0.0652, 0.0631, 0.0604, 0.0583, 0.0556, 0.0535, 0.0514, 0.0480,
        0.0466, 0.0453, 0.0418], device='cuda:0')
tensor([1.0000, 0.4822, 0.2828, 0.1879, 0.1428, 0.1279, 0.1030, 0.0848, 0.0727,
        0.0680, 0.0646, 0.0626, 0.0599, 0.0579, 0.0552, 0.0532, 0.0512, 0.0478,
        0.0465, 0.0451, 0.0418], device='cuda:0')
tensor([1.0000, 0.4777, 0.2805, 0.1865, 0.1419, 0.1272, 0.1026, 0.0846, 0.0726,
        0.0680, 0.0646, 0.0626, 0.0600, 0.0580, 0.0553, 0.0533, 0.0513, 0.0480,
        0.0466, 0.0453, 0.0420], device='cuda:0')
tensor([1.0000, 0.4756, 0.2780, 0.1851, 0.1410, 0.1265, 0.1021, 0.0843, 0.0725,
        0.0679, 0.0646, 0.0626, 0.0599, 0.0580, 0.0553, 0.0534, 0.0514, 0.0481,
        0.0468, 0.0455, 0.0422], device='cuda:0')
tensor([1.0000, 0.4846, 0.2863, 0.1913, 0.1476, 0.1309, 0.1053, 0.0847, 0.0712,
        0.0668, 0.0635, 0.0616, 0.0591, 0.0571, 0.0546, 0.0526, 0.0507, 0.0475,
        0.0462, 0.0449, 0.0417], device='cuda:0')
tensor([1.0000, 0.4947, 0.2933, 0.1970, 0.1529, 0.1334, 0.1057, 0.0850, 0.0717,
        0.0673, 0.0642, 0.0623, 0.0598, 0.0579, 0.0554, 0.0535, 0.0516, 0.0478,
        0.0459, 0.0447, 0.0415], device='cuda:0')
tensor([1.0000, 0.4846, 0.2878, 0.1937, 0.1507, 0.1310, 0.1039, 0.0836, 0.0707,
        0.0664, 0.0633, 0.0615, 0.0590, 0.0572, 0.0547, 0.0529, 0.0510, 0.0474,
        0.0455, 0.0443, 0.0412], device='cuda:0')
tensor([1.0000, 0.4832, 0.2872, 0.1935, 0.1506, 0.1310, 0.1041, 0.0839, 0.0710,
        0.0667, 0.0637, 0.0618, 0.0594, 0.0576, 0.0551, 0.0533, 0.0514, 0.0478,
        0.0459, 0.0447, 0.0416], device='cuda:0')
tensor([1.0000, 0.4857, 0.2861, 0.1929, 0.1503, 0.1309, 0.1041, 0.0840, 0.0712,
        0.0670, 0.0639, 0.0621, 0.0596, 0.0578, 0.0554, 0.0536, 0.0517, 0.0481,
        0.0463, 0.0450, 0.0420], device='cuda:0')
tensor([1.0000, 0.4910, 0.2910, 0.1970, 0.1533, 0.1317, 0.1054, 0.0832, 0.0707,
        0.0665, 0.0635, 0.0617, 0.0593, 0.0575, 0.0551, 0.0533, 0.0515, 0.0479,
        0.0461, 0.0449, 0.0419], device='cuda:0')
tensor([1.0000, 0.4971, 0.2954, 0.1999, 0.1533, 0.1303, 0.1044, 0.0825, 0.0702,
        0.0660, 0.0631, 0.0613, 0.0590, 0.0572, 0.0548, 0.0531, 0.0513, 0.0478,
        0.0460, 0.0448, 0.0419], device='cuda:0')
tensor([1.0000, 0.4991, 0.2970, 0.2009, 0.1532, 0.1299, 0.1043, 0.0827, 0.0705,
        0.0664, 0.0635, 0.0617, 0.0594, 0.0577, 0.0553, 0.0536, 0.0518, 0.0483,
        0.0466, 0.0448, 0.0419], device='cuda:0')
tensor([1.0000, 0.4957, 0.2952, 0.1999, 0.1525, 0.1294, 0.1040, 0.0826, 0.0705,
        0.0664, 0.0635, 0.0618, 0.0595, 0.0578, 0.0555, 0.0537, 0.0520, 0.0485,
        0.0468, 0.0451, 0.0422], device='cuda:0')
tensor([1.0000, 0.4914, 0.2929, 0.1985, 0.1516, 0.1287, 0.1035, 0.0824, 0.0704,
        0.0664, 0.0635, 0.0618, 0.0595, 0.0578, 0.0555, 0.0538, 0.0521, 0.0486,
        0.0469, 0.0452, 0.0423], device='cuda:0')
tensor([1.0000, 0.4895, 0.2922, 0.1978, 0.1512, 0.1285, 0.1035, 0.0824, 0.0705,
        0.0665, 0.0637, 0.0620, 0.0597, 0.0580, 0.0557, 0.0540, 0.0523, 0.0489,
        0.0472, 0.0455, 0.0426], device='cuda:0')
tensor([1.0000, 0.4851, 0.2901, 0.1967, 0.1506, 0.1276, 0.1029, 0.0821, 0.0703,
        0.0663, 0.0635, 0.0618, 0.0596, 0.0579, 0.0556, 0.0540, 0.0523, 0.0489,
        0.0472, 0.0455, 0.0427], device='cuda:0')
tensor([1.0000, 0.4760, 0.2848, 0.1934, 0.1482, 0.1256, 0.1014, 0.0810, 0.0694,
        0.0656, 0.0628, 0.0612, 0.0590, 0.0573, 0.0551, 0.0534, 0.0518, 0.0485,
        0.0468, 0.0452, 0.0424], device='cuda:0')
tensor([1.0000, 0.4745, 0.2844, 0.1934, 0.1485, 0.1260, 0.1019, 0.0816, 0.0701,
        0.0663, 0.0636, 0.0619, 0.0597, 0.0581, 0.0559, 0.0542, 0.0526, 0.0488,
        0.0471, 0.0455, 0.0427], device='cuda:0')
tensor([1.0000, 0.4757, 0.2859, 0.1952, 0.1504, 0.1268, 0.1028, 0.0826, 0.0711,
        0.0672, 0.0645, 0.0623, 0.0601, 0.0585, 0.0563, 0.0547, 0.0530, 0.0492,
        0.0476, 0.0459, 0.0432], device='cuda:0')
tensor([1.0000, 0.4757, 0.2862, 0.1955, 0.1507, 0.1273, 0.1032, 0.0830, 0.0715,
        0.0677, 0.0650, 0.0628, 0.0606, 0.0590, 0.0568, 0.0552, 0.0535, 0.0497,
        0.0481, 0.0464, 0.0437], device='cuda:0')
tensor([1.0000, 0.4839, 0.2814, 0.1924, 0.1484, 0.1254, 0.1018, 0.0820, 0.0707,
        0.0670, 0.0643, 0.0622, 0.0600, 0.0584, 0.0563, 0.0547, 0.0531, 0.0493,
        0.0477, 0.0461, 0.0434], device='cuda:0')
tensor([1.0000, 0.4791, 0.2787, 0.1908, 0.1473, 0.1245, 0.1012, 0.0816, 0.0705,
        0.0668, 0.0641, 0.0620, 0.0599, 0.0583, 0.0562, 0.0546, 0.0530, 0.0493,
        0.0477, 0.0461, 0.0435], device='cuda:0')
tensor([1.0000, 0.4802, 0.2805, 0.1928, 0.1495, 0.1268, 0.1035, 0.0840, 0.0729,
        0.0692, 0.0660, 0.0634, 0.0613, 0.0597, 0.0571, 0.0555, 0.0539, 0.0497,
        0.0481, 0.0465, 0.0438], device='cuda:0')
tensor([1.0000, 0.4819, 0.2814, 0.1936, 0.1494, 0.1268, 0.1036, 0.0842, 0.0731,
        0.0694, 0.0663, 0.0637, 0.0615, 0.0600, 0.0573, 0.0558, 0.0542, 0.0500,
        0.0484, 0.0468, 0.0442], device='cuda:0')
tensor([1.0000, 0.4767, 0.2797, 0.1934, 0.1499, 0.1277, 0.1050, 0.0858, 0.0750,
        0.0714, 0.0683, 0.0657, 0.0636, 0.0620, 0.0595, 0.0574, 0.0553, 0.0507,
        0.0486, 0.0465, 0.0440], device='cuda:0')
tensor([1.0000, 0.4760, 0.2798, 0.1932, 0.1499, 0.1278, 0.1051, 0.0860, 0.0752,
        0.0716, 0.0685, 0.0659, 0.0639, 0.0623, 0.0598, 0.0577, 0.0556, 0.0510,
        0.0489, 0.0469, 0.0443], device='cuda:0')
tensor([1.0000, 0.3333, 0.0833, 0.0833, 0.0833, 0.0833, 0.0833, 0.0833, 0.0833,
        0.0833, 0.0833, 0.0833, 0.0833, 0.0833, 0.0833, 0.0833, 0.0833, 0.0833,
        0.0833, 0.0833, 0.0833], device='cuda:0')
tensor([1.0000, 0.1346, 0.0385, 0.0385, 0.0385, 0.0385, 0.0385, 0.0385, 0.0385,
        0.0385, 0.0385, 0.0385, 0.0385, 0.0385, 0.0385, 0.0385, 0.0385, 0.0385,
        0.0385, 0.0385, 0.0385], device='cuda:0')
tensor([1.0000, 0.2065, 0.0326, 0.0326, 0.0326, 0.0326, 0.0326, 0.0326, 0.0326,
        0.0326, 0.0326, 0.0326, 0.0326, 0.0326, 0.0326, 0.0326, 0.0326, 0.0326,
        0.0326, 0.0326, 0.0326], device='cuda:0')
tensor([1.0000, 0.1951, 0.0569, 0.0569, 0.0488, 0.0488, 0.0488, 0.0407, 0.0407,
        0.0407, 0.0407, 0.0407, 0.0325, 0.0325, 0.0325, 0.0325, 0.0325, 0.0325,
        0.0325, 0.0325, 0.0325], device='cuda:0')
tensor([1.0000, 0.1595, 0.0552, 0.0552, 0.0491, 0.0429, 0.0429, 0.0368, 0.0368,
        0.0368, 0.0368, 0.0368, 0.0307, 0.0307, 0.0307, 0.0307, 0.0307, 0.0307,
        0.0307, 0.0307, 0.0307], device='cuda:0')
tensor([1.0000, 0.1771, 0.0743, 0.0743, 0.0629, 0.0571, 0.0514, 0.0457, 0.0457,
        0.0457, 0.0457, 0.0400, 0.0343, 0.0343, 0.0343, 0.0343, 0.0343, 0.0343,
        0.0343, 0.0343, 0.0343], device='cuda:0')
tensor([1.0000, 0.2174, 0.1196, 0.1196, 0.0924, 0.0870, 0.0815, 0.0707, 0.0598,
        0.0543, 0.0543, 0.0489, 0.0435, 0.0435, 0.0435, 0.0435, 0.0435, 0.0435,
        0.0435, 0.0435, 0.0380], device='cuda:0')
tensor([1.0000, 0.2836, 0.1343, 0.1343, 0.1095, 0.0995, 0.0796, 0.0697, 0.0597,
        0.0547, 0.0547, 0.0498, 0.0448, 0.0448, 0.0448, 0.0448, 0.0448, 0.0448,
        0.0448, 0.0448, 0.0398], device='cuda:0')
tensor([1.0000, 0.3131, 0.1449, 0.1402, 0.1121, 0.0981, 0.0794, 0.0701, 0.0607,
        0.0561, 0.0561, 0.0514, 0.0467, 0.0467, 0.0467, 0.0467, 0.0467, 0.0467,
        0.0467, 0.0467, 0.0421], device='cuda:0')
tensor([1.0000, 0.2939, 0.1469, 0.1429, 0.1143, 0.1020, 0.0857, 0.0735, 0.0653,
        0.0571, 0.0571, 0.0531, 0.0490, 0.0449, 0.0449, 0.0449, 0.0449, 0.0449,
        0.0449, 0.0449, 0.0408], device='cuda:0')
tensor([1.0000, 0.2829, 0.1434, 0.1395, 0.1124, 0.1008, 0.0853, 0.0736, 0.0659,
        0.0581, 0.0581, 0.0543, 0.0504, 0.0465, 0.0465, 0.0465, 0.0465, 0.0465,
        0.0465, 0.0465, 0.0426], device='cuda:0')
tensor([1.0000, 0.2764, 0.1455, 0.1418, 0.1127, 0.1018, 0.0873, 0.0764, 0.0691,
        0.0582, 0.0582, 0.0545, 0.0509, 0.0473, 0.0473, 0.0473, 0.0473, 0.0473,
        0.0473, 0.0473, 0.0436], device='cuda:0')
tensor([1.0000, 0.3188, 0.1544, 0.1342, 0.1074, 0.0973, 0.0839, 0.0738, 0.0671,
        0.0570, 0.0570, 0.0537, 0.0503, 0.0470, 0.0470, 0.0470, 0.0470, 0.0470,
        0.0470, 0.0470, 0.0436], device='cuda:0')
tensor([1.0000, 0.3811, 0.1646, 0.1280, 0.1037, 0.0915, 0.0793, 0.0701, 0.0640,
        0.0549, 0.0549, 0.0518, 0.0488, 0.0457, 0.0457, 0.0457, 0.0457, 0.0457,
        0.0457, 0.0457, 0.0427], device='cuda:0')
tensor([1.0000, 0.4194, 0.1694, 0.1222, 0.0972, 0.0861, 0.0750, 0.0667, 0.0611,
        0.0528, 0.0528, 0.0500, 0.0472, 0.0444, 0.0444, 0.0444, 0.0444, 0.0444,
        0.0444, 0.0444, 0.0417], device='cuda:0')
tensor([1.0000, 0.4011, 0.1636, 0.1187, 0.0950, 0.0844, 0.0739, 0.0660, 0.0607,
        0.0528, 0.0528, 0.0501, 0.0475, 0.0449, 0.0449, 0.0449, 0.0449, 0.0449,
        0.0449, 0.0449, 0.0422], device='cuda:0')
tensor([1.0000, 0.4211, 0.1654, 0.1153, 0.0927, 0.0827, 0.0727, 0.0652, 0.0602,
        0.0526, 0.0526, 0.0501, 0.0476, 0.0451, 0.0451, 0.0451, 0.0451, 0.0451,
        0.0451, 0.0451, 0.0426], device='cuda:0')
tensor([1.0000, 0.4276, 0.1908, 0.1379, 0.1172, 0.1080, 0.0805, 0.0713, 0.0621,
        0.0552, 0.0552, 0.0529, 0.0506, 0.0483, 0.0483, 0.0483, 0.0483, 0.0483,
        0.0483, 0.0483, 0.0414], device='cuda:0')
tensor([1.0000, 0.4254, 0.1938, 0.1403, 0.1203, 0.1091, 0.0824, 0.0735, 0.0646,
        0.0579, 0.0579, 0.0557, 0.0535, 0.0490, 0.0490, 0.0490, 0.0490, 0.0490,
        0.0490, 0.0490, 0.0423], device='cuda:0')
tensor([1.0000, 0.4354, 0.2057, 0.1510, 0.1313, 0.1160, 0.0875, 0.0788, 0.0700,
        0.0635, 0.0635, 0.0613, 0.0591, 0.0547, 0.0547, 0.0547, 0.0547, 0.0547,
        0.0547, 0.0547, 0.0481], device='cuda:0')
tensor([1.0000, 0.4428, 0.2160, 0.1620, 0.1425, 0.1274, 0.0994, 0.0907, 0.0821,
        0.0734, 0.0734, 0.0691, 0.0670, 0.0626, 0.0626, 0.0605, 0.0605, 0.0605,
        0.0583, 0.0562, 0.0497], device='cuda:0')
tensor([1.0000, 0.4452, 0.2194, 0.1656, 0.1462, 0.1312, 0.1032, 0.0946, 0.0860,
        0.0774, 0.0774, 0.0731, 0.0710, 0.0667, 0.0667, 0.0645, 0.0645, 0.0645,
        0.0624, 0.0602, 0.0538], device='cuda:0')
tensor([1.0000, 0.4333, 0.2146, 0.1625, 0.1438, 0.1292, 0.1021, 0.0938, 0.0854,
        0.0771, 0.0771, 0.0729, 0.0708, 0.0667, 0.0667, 0.0646, 0.0646, 0.0646,
        0.0625, 0.0604, 0.0542], device='cuda:0')
tensor([1.0000, 0.4759, 0.2717, 0.2235, 0.2023, 0.1580, 0.1137, 0.0925, 0.0809,
        0.0732, 0.0732, 0.0694, 0.0674, 0.0636, 0.0636, 0.0617, 0.0617, 0.0617,
        0.0597, 0.0578, 0.0520], device='cuda:0')
tensor([1.0000, 0.4991, 0.3039, 0.2578, 0.2376, 0.1952, 0.1529, 0.1326, 0.1215,
        0.1142, 0.1142, 0.1105, 0.1087, 0.1050, 0.0994, 0.0847, 0.0718, 0.0645,
        0.0626, 0.0571, 0.0516], device='cuda:0')
tensor([1.0000, 0.4683, 0.2864, 0.2419, 0.2230, 0.1835, 0.1441, 0.1252, 0.1149,
        0.1081, 0.1081, 0.1046, 0.1029, 0.0995, 0.0943, 0.0806, 0.0686, 0.0617,
        0.0600, 0.0549, 0.0497], device='cuda:0')
tensor([1.0000, 0.4412, 0.2705, 0.2287, 0.2110, 0.1739, 0.1369, 0.1192, 0.1095,
        0.1031, 0.1031, 0.0998, 0.0982, 0.0950, 0.0902, 0.0773, 0.0660, 0.0596,
        0.0580, 0.0531, 0.0483], device='cuda:0')
tensor([1.0000, 0.4750, 0.2693, 0.2224, 0.2057, 0.1649, 0.1301, 0.1135, 0.1044,
        0.0983, 0.0983, 0.0953, 0.0938, 0.0908, 0.0862, 0.0741, 0.0635, 0.0575,
        0.0560, 0.0514, 0.0469], device='cuda:0')
tensor([1.0000, 0.9189, 0.9189, 0.9189, 0.9189, 0.8919, 0.8108, 0.8108, 0.8108,
        0.8108, 0.8108, 0.7297, 0.7297, 0.6486, 0.5676, 0.2973, 0.1892, 0.1892,
        0.1351, 0.0270, 0.0270], device='cuda:0')
tensor([1.0000, 0.9545, 0.9545, 0.9545, 0.9545, 0.9394, 0.8788, 0.8788, 0.8788,
        0.8182, 0.7576, 0.6970, 0.6212, 0.5606, 0.4697, 0.2879, 0.2273, 0.2121,
        0.1818, 0.1212, 0.0606], device='cuda:0')
tensor([1.0000, 0.9717, 0.9717, 0.9717, 0.9717, 0.9623, 0.9245, 0.9245, 0.9245,
        0.8868, 0.8491, 0.8113, 0.7453, 0.6604, 0.5377, 0.3679, 0.2642, 0.2358,
        0.1887, 0.1415, 0.0472], device='cuda:0')
tensor([1.0000, 0.9790, 0.9790, 0.9790, 0.9790, 0.9510, 0.8811, 0.8531, 0.8392,
        0.8112, 0.7762, 0.7343, 0.6503, 0.5594, 0.4406, 0.3007, 0.2238, 0.1958,
        0.1538, 0.1119, 0.0420], device='cuda:0')
tensor([1.0000, 0.9817, 0.9817, 0.9817, 0.9817, 0.9573, 0.8841, 0.8537, 0.7866,
        0.7195, 0.6829, 0.6463, 0.5732, 0.4939, 0.3902, 0.2683, 0.2012, 0.1768,
        0.1402, 0.1037, 0.0427], device='cuda:0')
tensor([1.0000, 0.8317, 0.8317, 0.8317, 0.8317, 0.8119, 0.7525, 0.7277, 0.6733,
        0.6188, 0.5891, 0.5594, 0.5000, 0.4356, 0.3515, 0.2475, 0.1782, 0.1535,
        0.1188, 0.0891, 0.0396], device='cuda:0')
tensor([1.0000, 0.4167, 0.4167, 0.3333, 0.3333, 0.2500, 0.2500, 0.2500, 0.1667,
        0.1667, 0.1667, 0.1667, 0.1667, 0.0833, 0.0833, 0.0833, 0.0833, 0.0833,
        0.0833, 0.0833, 0.0833], device='cuda:0')
tensor([1.0000, 0.1538, 0.1538, 0.1154, 0.1154, 0.0962, 0.0962, 0.0962, 0.0769,
        0.0769, 0.0769, 0.0769, 0.0769, 0.0385, 0.0385, 0.0385, 0.0385, 0.0385,
        0.0385, 0.0385, 0.0385], device='cuda:0')
tensor([1.0000, 0.2283, 0.2283, 0.2065, 0.1957, 0.1848, 0.1739, 0.1739, 0.1522,
        0.1522, 0.1413, 0.1413, 0.1304, 0.1087, 0.0978, 0.0870, 0.0761, 0.0435,
        0.0326, 0.0326, 0.0326], device='cuda:0')
tensor([1.0000, 0.2114, 0.2033, 0.1870, 0.1707, 0.1626, 0.1545, 0.1463, 0.1301,
        0.1301, 0.1220, 0.1220, 0.1057, 0.0894, 0.0813, 0.0732, 0.0650, 0.0407,
        0.0325, 0.0325, 0.0325], device='cuda:0')
tensor([1.0000, 0.1718, 0.1656, 0.1534, 0.1411, 0.1350, 0.1288, 0.1227, 0.1104,
        0.1104, 0.0982, 0.0982, 0.0859, 0.0736, 0.0675, 0.0613, 0.0552, 0.0368,
        0.0307, 0.0307, 0.0307], device='cuda:0')
tensor([1.0000, 0.1886, 0.1771, 0.1657, 0.1486, 0.1429, 0.1314, 0.1257, 0.1143,
        0.1143, 0.1029, 0.0971, 0.0857, 0.0743, 0.0686, 0.0629, 0.0571, 0.0400,
        0.0343, 0.0343, 0.0343], device='cuda:0')
tensor([1.0000, 0.2283, 0.2174, 0.2065, 0.1739, 0.1685, 0.1576, 0.1522, 0.1413,
        0.1413, 0.1304, 0.1250, 0.1141, 0.1033, 0.0978, 0.0924, 0.0870, 0.0707,
        0.0598, 0.0598, 0.0380], device='cuda:0')
tensor([1.0000, 0.2935, 0.2836, 0.2438, 0.2090, 0.1940, 0.1841, 0.1791, 0.1692,
        0.1692, 0.1592, 0.1493, 0.1393, 0.1294, 0.1194, 0.1045, 0.0945, 0.0746,
        0.0597, 0.0597, 0.0398], device='cuda:0')
tensor([1.0000, 0.3271, 0.3131, 0.2710, 0.2336, 0.2103, 0.1963, 0.1916, 0.1822,
        0.1822, 0.1729, 0.1636, 0.1542, 0.1402, 0.1308, 0.1075, 0.0935, 0.0748,
        0.0607, 0.0607, 0.0421], device='cuda:0')
tensor([1.0000, 0.3061, 0.2939, 0.2571, 0.2204, 0.2000, 0.1878, 0.1796, 0.1714,
        0.1673, 0.1592, 0.1510, 0.1429, 0.1265, 0.1184, 0.0980, 0.0857, 0.0694,
        0.0571, 0.0571, 0.0408], device='cuda:0')
