76.25000762939453
68.33333587646484
64.375
62.0
60.416664123535156
59.28571319580078
58.437503814697266
51.9444465637207
46.75
42.5
38.95833206176758
35.96154022216797
33.392860412597656
31.16666603088379
29.218751907348633
27.5
25.97222328186035
24.605262756347656
23.375
22.261903762817383
21.25
20.326086044311523
19.47916603088379
18.69999885559082
17.980770111083984
17.3148136138916
16.696430206298828
16.120689392089844
15.583333015441895
15.080645561218262
14.609375953674316
14.166667938232422
13.75
13.35714340209961
12.986111640930176
12.635135650634766
15.769231796264648
16.5625
17.31707191467285
18.035715103149414
18.720930099487305
19.375
19.888887405395508
20.380434036254883
20.63829803466797
20.208332061767578
19.795917510986328
19.399999618530273
19.019607543945312
18.653846740722656
18.3018856048584
18.101850509643555
17.909090042114258
18.08035659790039
18.24561309814453
18.318965911865234
18.008474349975586
17.70833396911621
17.41802978515625
17.137094497680664
16.865079879760742
16.6015625
16.346153259277344
16.09848403930664
18.08823585510254
18.80434799194336
19.5
20.176055908203125
20.833332061767578
21.47260284423828
22.094593048095703
22.633331298828125
23.02631378173828
22.727272033691406
22.435897827148438
22.151897430419922
21.875
21.604938507080078
21.341463088989258
21.084339141845703
20.83333396911621
20.588233947753906
20.34883689880371
20.11494255065918
19.886363983154297
19.662921905517578
19.44444465637207
19.23076820373535
19.021739959716797
18.817203521728516
18.617019653320312
18.42105484008789
18.22916603088379
18.041234970092773
17.85714340209961
17.676767349243164
17.499998092651367
17.326732635498047
17.156864166259766
16.990291595458984
16.826923370361328
16.666667938232422
16.50943374633789
17.47685432434082
17.66054916381836
17.84090805053711
18.01801872253418
18.191965103149414
18.362831115722656
18.530702590942383
18.69565200805664
18.857759475708008
19.017093658447266
19.173728942871094
19.32773208618164
19.479167938232422
19.62809944152832
19.733604431152344
19.8373966217041
19.93951416015625
20.040000915527344
20.178573608398438
20.314960479736328
20.44921875
20.503875732421875
20.557693481445312
20.610687255859375
20.662879943847656
20.71428680419922
20.76492691040039
20.851850509643555
20.9375
21.021896362304688
21.105072021484375
21.187049865722656
21.267858505249023
21.347517013549805
21.426054000854492
21.503496170043945
22.189655303955078
22.294519424438477
22.397958755493164
22.500001907348633
22.600671768188477
22.69999885559082
22.79801368713379
22.89473533630371
22.990196228027344
23.08441734313965
23.20967674255371
23.333335876464844
23.455413818359375
23.544301986694336
23.632076263427734
23.71875
23.80434799194336
23.88888931274414
23.972393035888672
24.05487632751465
24.56325340270996
24.61077880859375
24.657737731933594
24.6745548248291
24.691177368164062
24.707603454589844
24.72383689880371
24.76878547668457
24.813217163085938
24.828571319580078
24.843751907348633
24.85875701904297
24.873594284057617
24.888267517089844
24.90277862548828
24.91712760925293
24.903846740722656
24.918031692504883
24.904891967773438
24.89189338684082
24.8790340423584
24.866310119628906
24.853723526000977
24.841266632080078
24.828947067260742
24.816755294799805
24.8046875
24.792743682861328
24.780925750732422
24.76923179626465
24.757654190063477
24.746192932128906
24.734848022460938
24.723617553710938
24.737499237060547
24.751243591308594
24.764850616455078
25.01225471496582
24.890243530273438
24.769418716430664
24.649757385253906
24.531251907348633
24.413875579833984
24.881515502929688
24.988204956054688
25.093894958496094
25.198596954345703
25.302326202392578
25.405094146728516
25.529953002929688
25.65366554260254
25.753419876098633
25.852272033691406
25.95022964477539
26.047298431396484
26.16592025756836
26.28348159790039
