tensor([1.0000, 0.2162, 0.2162, 0.2162, 0.1892, 0.0270, 0.0270, 0.0270, 0.0270,
        0.0270, 0.0270, 0.0270, 0.0270, 0.0270, 0.0270, 0.0270, 0.0270, 0.0270,
        0.0270, 0.0270, 0.0270], device='cuda:0')
tensor([1.0000, 0.3030, 0.2576, 0.2273, 0.1212, 0.0303, 0.0303, 0.0303, 0.0303,
        0.0303, 0.0303, 0.0303, 0.0303, 0.0303, 0.0303, 0.0303, 0.0303, 0.0303,
        0.0303, 0.0303, 0.0303], device='cuda:0')
tensor([1.0000, 0.2925, 0.2547, 0.2358, 0.1698, 0.1132, 0.1038, 0.0849, 0.0283,
        0.0283, 0.0283, 0.0283, 0.0283, 0.0283, 0.0283, 0.0283, 0.0283, 0.0283,
        0.0283, 0.0283, 0.0283], device='cuda:0')
tensor([1.0000, 0.4755, 0.3636, 0.2448, 0.1329, 0.0909, 0.0839, 0.0699, 0.0280,
        0.0280, 0.0280, 0.0280, 0.0280, 0.0280, 0.0280, 0.0280, 0.0280, 0.0280,
        0.0280, 0.0280, 0.0280], device='cuda:0')
tensor([1.0000, 0.5305, 0.3354, 0.2195, 0.1220, 0.0854, 0.0793, 0.0671, 0.0305,
        0.0305, 0.0305, 0.0305, 0.0305, 0.0305, 0.0305, 0.0305, 0.0305, 0.0305,
        0.0305, 0.0305, 0.0305], device='cuda:0')
tensor([1.0000, 0.4356, 0.2772, 0.1832, 0.1040, 0.0743, 0.0693, 0.0594, 0.0297,
        0.0297, 0.0297, 0.0297, 0.0297, 0.0297, 0.0297, 0.0297, 0.0297, 0.0297,
        0.0297, 0.0297, 0.0297], device='cuda:0')
tensor([1.0000, 0.4306, 0.2775, 0.1866, 0.1053, 0.0766, 0.0718, 0.0622, 0.0335,
        0.0335, 0.0335, 0.0335, 0.0335, 0.0335, 0.0335, 0.0335, 0.0335, 0.0335,
        0.0335, 0.0335, 0.0335], device='cuda:0')
tensor([1.0000, 0.5182, 0.3036, 0.1862, 0.0931, 0.0688, 0.0648, 0.0567, 0.0324,
        0.0324, 0.0324, 0.0324, 0.0324, 0.0324, 0.0324, 0.0324, 0.0324, 0.0324,
        0.0324, 0.0324, 0.0324], device='cuda:0')
