61.249996185302734
48.333335876464844
41.875
38.000003814697266
35.416664123535156
33.57142639160156
31.562501907348633
28.333335876464844
25.75
23.636363983154297
21.875
20.384614944458008
19.107145309448242
18.0
17.03125
16.176471710205078
15.416666984558105
14.736841201782227
14.125
13.571429252624512
13.068182945251465
12.608696937561035
12.1875
11.800000190734863
11.442307472229004
11.111112594604492
10.803571701049805
10.517241477966309
10.250000953674316
9.999999046325684
9.765625
9.545454025268555
9.338234901428223
9.14285659790039
8.958333969116211
8.783784866333008
11.34615421295166
11.500000953674316
11.646340370178223
11.785714149475098
11.918604850769043
12.045454978942871
12.05555534362793
12.065217018127441
11.968085289001465
11.770833969116211
11.581633567810059
11.399999618530273
11.22549057006836
11.057693481445312
10.89622688293457
10.740741729736328
10.590909004211426
10.535715103149414
10.48245620727539
10.344827651977539
10.211864471435547
10.083333015441895
9.959014892578125
9.838709831237793
9.722222328186035
9.609375953674316
9.5
9.393939971923828
11.139705657958984
11.52173900604248
11.892858505249023
12.253520965576172
12.604167938232422
12.945204734802246
13.20945930480957
13.466666221618652
13.651315689086914
13.506492614746094
13.429488182067871
13.291139602661133
13.15625
13.024690628051758
12.896341323852539
12.771084785461426
12.648810386657715
12.529413223266602
12.41279125213623
12.298850059509277
12.1875
12.078651428222656
11.972223281860352
11.868131637573242
11.766304016113281
11.666667938232422
11.569149017333984
11.473684310913086
11.380208969116211
11.288658142089844
11.198979377746582
11.111111640930176
11.02500057220459
10.940593719482422
10.857843399047852
10.77669906616211
10.697115898132324
10.619047164916992
10.54245376586914
11.435186386108398
11.490825653076172
11.545454025268555
11.599100112915039
11.651785850524902
11.703540802001953
11.710526466369629
11.760869026184082
11.810345649719238
11.816239356994629
11.822032928466797
11.827731132507324
11.833333969116211
11.83884334564209
11.803277015686035
11.768291473388672
11.774194717407227
11.74000072479248
11.746031761169434
11.791337966918945
11.7578125
11.763565063476562
11.769230842590332
11.736641883850098
11.704545974731445
11.672932624816895
11.679104804992676
11.685185432434082
11.691177368164062
11.660584449768066
11.666667938232422
11.672661781311035
11.642857551574707
11.61347484588623
11.584506034851074
11.555944442749023
12.137931823730469
12.140412330627441
12.108842849731445
12.077703475952148
12.046978950500488
12.016667366027832
11.986754417419434
11.95723819732666
11.928104400634766
11.8993501663208
11.870967864990234
11.842949867248535
11.815286636352539
11.787975311279297
11.729558944702148
11.671875
11.645962715148926
11.620370864868164
11.625767707824707
11.600608825683594
12.078312873840332
12.02095890045166
11.964286804199219
11.908284187316895
11.852941513061523
11.798246383666992
11.744186401367188
11.690751075744629
11.637930870056152
11.585714340209961
11.534090995788574
11.483051300048828
11.432584762573242
11.382680892944336
11.333333969116211
11.284531593322754
11.2362642288208
11.18852424621582
11.141304969787598
11.094595909118652
11.04838752746582
11.002673149108887
10.957447052001953
10.912697792053223
10.86842155456543
10.824606895446777
10.78125
10.738343238830566
10.695876121520996
10.653847694396973
10.612244606018066
10.571065902709961
10.530303001403809
10.489949226379395
10.450000762939453
10.410447120666504
10.37128734588623
10.845587730407715
10.804879188537598
10.76456356048584
10.724637031555176
10.685096740722656
10.6459321975708
11.07819938659668
11.084905624389648
11.09154987335205
11.09813117980957
11.081395149230957
11.064814567565918
11.04838752746582
11.032109260559082
11.01598072052002
11.0
11.00678825378418
10.99099063873291
10.975337028503418
10.959820747375488
10.944443702697754
10.951327323913574
10.980175971984863
11.008771896362305
11.015283584594727
10.999999046325684
10.984848022460938
10.991379737854004
10.976394653320312
10.961538314819336
10.946808815002441
10.93220329284668
10.938817024230957
10.945379257202148
10.972803115844727
11.000000953674316
11.026971817016602
11.053718566894531
11.039093971252441
11.024589538574219
11.01020336151123
10.99593448638916
10.981781959533691
11.305220603942871
11.270000457763672
11.235060691833496
11.200396537780762
11.166009902954102
11.15157413482666
11.137255668640137
11.123046875
11.089493751525879
11.056201934814453
11.023167610168457
11.009614944458008
10.977011680603027
10.944657325744629
10.912548065185547
10.880681991577148
10.8490571975708
10.817669868469238
10.786517143249512
10.755597114562988
10.724906921386719
10.69444465637207
10.664205551147461
10.634191513061523
10.604395866394043
10.574817657470703
10.545454025268555
10.516304016113281
10.487364768981934
10.458634376525879
10.430108070373535
10.401785850524902
10.373665809631348
10.345745086669922
10.318021774291992
10.29049301147461
10.263158798217773
10.54878044128418
10.520833969116211
10.493080139160156
10.773195266723633
10.74486255645752
10.71672248840332
10.688776016235352
10.661017417907715
10.63344669342041
10.606060028076172
10.578859329223633
10.551838874816895
10.524999618530273
10.498337745666504
10.471854209899902
10.445544242858887
10.419407844543457
10.393442153930664
10.367647171020508
10.342020034790039
10.316557884216309
10.29126262664795
10.266129493713379
10.241156578063965
10.21634578704834
10.191694259643555
10.167198181152344
10.142857551574707
10.118670463562012
10.094637870788574
10.070754051208496
